100194454
100561690
1005706
101420112
10459
110243254
11293004
114913242
11572005
12065573
12284391
123532952
12395563
12400480
1263700
1311717
13177641
13302808
13386983
134191916
13447945
13529836
13688190
138564560
13907479
13951350
13967610
1431276
143922
1458431
14810754
1527815
15825954
15984758
1610622
164914736
165371272
17258929
185475577
1882254
192063320
195260823
1957843
195797604
19734360
202684415
2056080
207369855
218123364
237445807
24081183
241752965
246171133
256942456
259634948
260758896
2607913
261883570
267319532
270622890
272479622
272503101
276506411
278178438
2792028
28336595
28640770
2864282
2923907
29349309
298310684
302876317
30464009
308349790
30975345
313491629
316119069
31811305
318534283
32974413
33560415
34067057
34429987
3511470
37874184
37977003
3823136
38695545
38932277
3930784
39329594
39473957
39711834
39805725
41156268
41639085
41799956
42130914
42331195
43371365
4372930
44460997
45487907
46245418
46581762
47126292
47449949
47450302
47704019
47959645
4851632
48862320
49551141
49710737
49833172
50737765
5074983
51614663
51849104
52628056
52681442
53729197
55302141
55389139
6092224
62415658
6291602
6474702
66833762
6801102
69510002
70882552
71954006
7303624
73526172
73937362
74114482
75946012
75947854
7756007
81346576
82841404
82950464
83609188
8372507
8398466
86403254
87615012
9066618
9929094
99390312
9981308
