318650803
265707719
177612112
17482373
241200220
9425319
46606336
257662010
230340405
76971084
9745582
148289451
58844626
293340098
173119138
46830563
5810273
194751517
37231618
260528096
79579313
213743239
258352414
308640225
210955454
121921909
131862767
87980
239100263
319728729
59539426
175876561
172476154
103256984
98252233
30273120
61821318
292379327
68534579
318238846
90545690
204315078
167477309
184437652
306259598
190206873
195657927
152681978
216263101
65603556
125879630
233005872
66691777
80035577
151194004
142872906
301930855
234645889
201688964
187413728
33192412
45856338
211396668
141696174
258136104
259288373
293167803
99193379
116181130
281822754
321399512
113316385
31960078
174634612
225840738
87676074
225272480
47069550
150090095
230798043
219642691
299408214
321423289
309634473
242080633
260271877
299137077
164635252
212364194
317833618
245677921
248457640
19815601
112082576
261793942
202646142
69315177
244624642
36886503
154309737
198090317
267451696
223777648
222913881
225624218
37348588
4040538
36961899
307097203
308753614
115812348
190223646
165085837
174968823
321238031
167655542
15260854
157360047
22745894
317572281
69835068
91679548
43065227
222681872
25716253
173795829
188088704
147535991
300792846
42230484
172346339
187594355
193660525
221921046
291591631
94197852
221987812
121737831
20002087
247969863
252492636
162382708
199378965
118662015
122421030
157158873
223742438
298154367
208206908
207738288
178132537
295626738
224763877
161107644
161758796
262457673
69332789
172910556
290618931
251521374
100212794
144688600
202995496
231580421
264559027
179528279
165002021
193010721
224176369
181100614
300275448
257140046
82689409
324907872
43353686
148713203
77598618
289034944
133643248
5448954
312509052
284203497
51385826
275876513
141147497
324527996
163980366
66754679
238719150
18771702
112305485
133511714
77349486
197238825
81782782
42868017
299395353
17459927
46951749
275626271
162271566
123317729
244828950
228860718
140839941
217902343
216603409
297532736
220126107
48060467
114203727
14838814
252480207
273820013
30755820
187066089
165249706
315535387
147661978
49765169
88441774
168906234
108208462
187340368
150852576
51799486
149973125
279704882
223897619
94781327
4064933
294825186
131080891
207300366
315777570
10152500
121779464
37285669
116675027
225732405
13387649
268714414
7529250
307169211
189529182
306549971
68872947
43747084
162726728
2382073
219523955
204967790
289803042
254065130
34504184
27388250
287765227
76428111
112273750
101785608
192567332
77756662
133840245
573684
306235159
34898204
235922263
295237424
166870112
318268727
10084124
103335750
203807869
142702616
73761555
110640075
278894882
313960823
137194948
105224742
255319317
112794054
227273426
7896231
192049026
38920454
299693480
139042066
71424220
309919974
205758699
28150324
41371244
234489349
72555051
3885328
4253321
89996321
131039281
299391584
95880013
214501033
22116376
184122537
198773698
153870180
230168785
298475643
285209414
321663441
296562032
297742161
92278045
318433504
278410631
43387475
32707707
78083101
70560890
42306050
203850379
86905736
280105904
79811643
101200822
250273121
42889125
286776977
230367938
114373713
229854957
311429331
75888002
285850469
68954075
257802140
198045235
55108501
29370402
41995684
4876719
280518819
54662058
35174587
200973942
259628441
6488414
216840805
189079176
107654881
249861074
106929281
186453551
69816118
29432534
307704889
233976262
286809234
169744538
193532425
27809884
160258412
310553889
103244708
234609024
131222641
236379594
200814462
7573436
77174319
129523530
103173213
89136203
146626586
110074217
132267757
184730998
180152244
301914628
101458348
299238802
217282329
229939349
152345117
200865622
67068476
148691263
292655197
298440388
109787514
169530446
212790793
232437565
315942195
260365408
184913812
63064562
311141791
140911555
139340238
161984050
86163400
236046596
316195583
8942307
246631226
98576371
251813452
71514263
214720789
285144395
173355833
219284060
168701234
68441628
101087077
164716362
1385795
302423583
153491073
56675841
42214335
209568518
69797296
19866839
214407871
79341707
322986782
201311644
112555677
135467385
314920178
209168922
272147215
106495181
50601775
152700984
202020597
86451528
156570571
82318803
182805025
101547771
118976349
87677493
3232834
193326016
190039042
79756091
160100766
15858230
295830035
25624975
44476852
30462616
84439339
261621378
87845194
83463082
197945987
274880327
159253389
236513943
293876565
130390950
83170466
109074166
245049600
87100494
150937513
19460640
60825464
238358548
109106324
67512633
275677966
324893947
31208341
294610199
222102777
164796547
100008702
120656552
34919652
83424290
129257191
265492055
25116178
50117591
226895632
284630092
202138587
201377164
226005813
150347310
192612096
275988426
111682747
308244773
66907485
277565127
241565670
238565540
203707891
193341176
216382577
94406587
124846765
109221775
122855833
88740835
228741157
180791544
53246176
137581248
255344327
21267415
271611259
100886185
2836859
212738229
258753180
97470865
75788968
59663881
168325604
182054606
233737095
283389406
253319082
249095787
35153666
276968151
15255760
90623938
7754699
202492857
6197865
257013729
245282363
978617
324061685
63869644
230333348
21865701
248443801
102266924
40060405
204566135
318705174
296487931
17735384
112920137
80960546
2870032
90394243
284646544
291776245
112339047
310223728
287811315
84464187
106046499
273154830
206076903
131290554
62425687
69960251
203261125
248375477
187180760
154635232
218161215
167591610
41817174
239819031
49531444
319836611
188434878
44544123
105016531
112981925
289115887
51285089
287748273
119734365
185540446
264620359
316731100
188159094
286116662
133211842
68452054
314800686
194993224
205507828
37026104
233551014
208772795
24147006
52405276
188126003
130387593
126736582
261186521
42407572
5760663
169504094
21296441
312126
305814681
16869501
148865088
167795116
240400637
165133452
132538284
306524934
267625830
144121949
39080778
36799349
205611028
277113274
80114276
199410856
136512521
273680151
68068445
231098255
218411377
322493801
149800045
133851876
28880975
261714932
281564144
224130258
121869867
62513096
14547980
173147034
246083858
135152862
234160708
242765617
131786444
63794817
16132752
98459212
98127536
308013031
171362499
176962697
175026908
80112849
9788772
85202877
154896274
126069492
93907409
282410003
82966931
223728766
57078662
75991727
323949188
222588094
56460010
108784863
239149889
10805649
87068255
237195328
170331082
75271886
41987024
53336846
135872238
300175339
134639525
81894162
46240502
201054839
64198883
124917246
143704802
311027019
324571038
228588379
105912876
141817273
210240585
221775753
29075674
176818275
13707531
46193522
23933484
169080731
1046625
80345271
140888474
49653373
215424263
276224443
46091354
64524184
11268816
38777394
322708713
261435816
132223073
90647968
76583715
298155669
17034714
295328620
318092242
226789325
192288685
116638413
203280362
202152543
40513887
182589963
215821973
69228427
315244203
180148013
9780365
226612663
188138354
223423752
34766968
260475451
142977913
98586164
80611786
80440098
217286128
320881431
318474339
227750586
168064547
118916293
50775190
170332380
63676119
41465762
323208725
131869089
216876674
157881050
168468128
307624377
256893173
253726548
108015858
36342610
61264529
221784908
33427111
235501264
254328173
43474794
229396629
275251554
255243169
194474186
209776476
209707335
86496502
132554480
100152705
4584668
80346194
13897938
239547645
78277717
177549175
210890106
254873245
128872674
49904436
284013939
191602895
295170025
319142819
160433853
8691771
301535704
297337004
212295335
76189118
258561609
125059592
44287394
323398260
49075966
69746043
236745876
43144931
82627602
248398818
4862782
156547755
71116766
73546386
275627929
19533138
142033582
306679365
71696689
108510548
129028304
175486262
72447373
218977054
50811923
323318168
247602827
111656109
9214809
294897598
304609511
278811776
144230690
95561829
138216514
43346036
215855115
213799873
46838295
90055157
75924862
90225370
186998517
229152069
304574453
216289707
258352575
85024724
125349779
144947980
29293405
220873263
258108089
98134387
85843750
208154480
108112224
180108208
84006539
117718374
106310903
41552570
147117193
179429911
168408554
277602562
168561472
176643778
195586431
284332892
16381963
79495757
66323045
184884597
232343183
130878702
40212913
239045098
60216608
9101435
11419573
234335234
292824774
50414187
215812050
243153308
85130642
209240495
78735971
314120187
90165884
69800516
67105019
248074621
169276271
201216803
217940030
237179120
62404008
219957311
225870470
225971903
196093221
233945817
3725298
146445283
251711709
245922922
264730224
261353047
124153326
84398809
71835348
276747236
101163007
235719674
62468795
136775772
52271977
282320661
219825229
168911641
89212563
19988831
201192567
141760820
106819082
109517106
311002616
82159044
17410947
297561827
83513653
178501966
275905758
807896
134190675
78303534
158695438
148006717
126088424
101545901
39751182
255228991
127474637
160228744
314605281
255775501
313829265
13862590
180508439
227282132
21689908
44005617
162993033
200360392
63317965
209188381
150103876
198924973
194847588
248437296
235049503
162902767
280758552
76497946
182577224
95535329
212381083
110097924
66438637
47867315
239618900
179112856
264571949
90523481
161661071
173172867
129873393
140099704
193546770
272461152
2771155
301370266
71310133
136690506
155639074
32865782
52650587
65617973
212041579
136483042
18983544
70753309
24008104
147730852
8535921
207078918
29312088
10692213
196396284
260550415
317460094
91127083
113247166
129101996
189506615
60331459
103248260
150919184
176894601
61827660
124471969
221522990
134349904
25834192
204102374
324673189
13389102
183604050
278367944
10546923
264413143
320579307
72702801
237636079
198142602
161024386
53458781
102124603
191157195
253712978
195249531
223626459
34636023
203587116
13685400
18730772
322055217
191394899
82847695
237894461
161680613
66417014
270837018
45183762
291674405
144955502
296674658
128579877
316982166
57092613
64292125
156486390
283637286
176713007
113833153
52980626
205750189
243558496
63506158
103832256
169713808
83951334
52973056
90403913
112782019
131748592
235260758
133176730
99260038
151409506
84805919
81019583
285324291
81528098
40665300
225268055
227840440
199498231
42027291
295487390
241608297
197367144
30845752
156686080
212208866
182097504
154165423
26165306
144615678
270069989
211330494
124955748
223018140
152762610
232388296
206563005
69168839
131224367
1157118
192310898
274876881
303235589
291696009
67775600
212556174
229115035
289242001
236138229
189200373
200123041
93858847
144404529
186915602
24213282
283081048
166129860
187071370
115724190
141248309
318449431
166684480
132952964
262303474
270489778
313122553
319408181
226837032
271310683
33065704
266735980
31533728
66443181
120857259
105190782
142934254
134676786
22930579
146590279
123016517
203082323
67635158
289291138
135182724
107007369
231662362
224895289
103941530
129464909
236794561
179230576
180646587
220585739
261574858
158271933
215759262
235810662
238642118
17501993
320992580
141371822
31416602
295552955
81580001
37997642
178964180
25872350
158495944
96179556
303549699
240575830
161769988
256579572
139498762
126397758
147919594
27498134
76284317
278602697
256053125
177775742
111383073
177478848
73038336
159467448
191769645
131996081
55734817
56373432
219249851
318945450
154299773
8552516
200402895
209600430
198667822
267642745
144355035
156867029
199939159
287470782
4083503
199334284
249158008
146102986
188405010
315978200
31317090
219445239
322540838
229353478
166534619
297066374
163005744
15218600
299971135
236986138
198910283
255783077
174264302
54002202
43549731
153494813
152055617
256382589
3819231
314834893
253987657
169125552
114523903
75707361
299395523
230409776
238835152
258118788
228060301
243915391
238337988
119223960
34918743
2222518
180776926
132569971
93252200
24786908
259687997
109390708
293968284
319860658
39077817
309887364
185405522
250235053
114832088
153748040
167991951
203804422
244836290
112384377
220059329
93456546
63674597
304387304
214811383
39092385
80848771
141615968
310331196
135604303
221642751
10046398
220292228
232965789
74601440
101472903
103737316
106980395
115518499
243469669
212118709
170771293
49711371
100193621
68556236
78967993
26627400
130978912
297711007
42568573
50311870
173747154
220408406
121464182
206281080
46551024
88551389
225869550
264880864
10794822
53192495
237415971
254100014
82896751
243791252
208647477
15710665
234566642
129096107
289301616
166902845
315946759
154796065
242624391
1468957
103639587
31321380
196505892
121486397
270832535
203198389
266093939
93913966
240510929
274896389
95202370
104607167
306602419
155966142
232058705
160405837
127266420
301673082
39036256
43918149
172174935
163703973
305211854
236638550
133807236
58715561
190443865
70485330
214747842
2290492
9683656
242825711
267422934
100424636
311302952
123377990
310662171
135025143
239360855
242329790
282759118
72708083
305107853
219222783
135702893
276912522
122111165
17498364
323377549
223181125
266847791
172016862
266394851
91734424
292949177
247367286
14015673
265652165
191837200
65447755
142586647
231494097
6452385
118746543
140327034
144508644
111883732
59243329
254698195
190014355
185661116
306518375
141176272
161627392
90150628
300540505
278678195
107033036
197060082
315495212
284187284
284540086
285205277
52106869
224942573
44155231
28265344
174462858
91540133
161943863
164672652
196302555
32161694
243425121
51517304
103128030
92685929
234776146
89855764
134961394
88672293
207783448
106220240
310615597
6402132
108811803
8286289
296743067
123326597
173471039
214927228
151370927
8305999
306397915
224288164
92775661
2186747
102465372
280886350
94565851
152516065
306151561
35084736
199097682
106701519
186760561
249597647
6369132
178750227
224138361
224706467
258487942
112752324
307516502
72186782
142667071
134904414
311741471
261921629
301125527
30067483
11557150
107394370
183070698
285148774
251428730
207577379
177156004
226183841
164675354
228251987
155345743
64828623
87292569
161853759
76588980
221886942
101575666
294773295
154367422
285470820
169959028
208441858
143938202
307204789
298486641
37041052
277756828
307825583
185320480
94141965
281977525
284178607
127020470
145135472
275849697
9373181
227227442
85717125
211509238
121123358
319495684
89708648
146244557
263367588
265450459
45141860
131080112
145307790
323426404
314370100
21789653
5507884
146276624
284019165
168874289
228857415
138416179
182718466
120924945
308675712
48677848
310513438
258578923
18644037
288190097
149570825
261417871
283207779
229157984
3836986
175906017
208311008
285247680
218103910
231171270
33829496
310810822
75700840
61970679
254464773
256763471
228648870
78495093
236423032
315653675
234958833
311502705
204494528
318449767
311545853
160773679
75450152
173583300
113076826
265460150
167438447
81889906
73330196
146923556
60874980
113222974
211153179
166065692
314790642
117516919
314183215
87555908
1490586
324318254
157719248
146967898
111490433
55037286
29181141
178636720
185826046
154497490
203673939
224044364
135816463
114425122
273928145
90254439
64893323
117253734
108003191
279120837
247834247
159205525
53470470
121091832
304101923
120646754
56491358
243560278
202930826
149820553
242181441
315363926
19096240
21889044
115982540
284022613
231203772
141238353
161181909
139373939
237392116
15126691
67875706
196525997
208090059
279002818
151577136
199717679
244725822
213261688
13328164
67700637
292491648
58905532
215929366
282625486
252985015
256588317
163062382
10199684
226313466
160497003
10927511
307365644
221163434
210019788
55285909
31741435
218435618
116537095
203046410
208106477
75436648
71074900
82418251
117860399
103979283
104958874
153839753
222669284
151425200
274109872
320584326
256187803
189670723
54767089
98826028
2640117
71464947
129834357
294233202
217823692
322696231
111762673
270880437
307317503
22874772
268711665
177755552
190765033
26902934
244565783
168946955
282458930
149526159
295731707
233255055
220308024
242981635
40279560
230820279
254926503
43160458
280894520
2765560
38014949
223470142
285113633
228390944
200891994
138973849
108532910
192765137
34069043
272915383
226753878
28962417
170687001
37773258
91242523
65722940
312702674
122402649
54840952
53372812
289239023
122366014
255882818
17326068
273707918
245304699
192743816
80153053
33095210
45967750
155626700
60632539
76137927
104650178
201472207
260634684
201326958
322653593
310057650
68419159
196789007
322052963
103191502
27485371
200646652
11960292
167319367
124639047
169340454
322660071
50226239
216306990
101273204
182923084
22779612
322750535
244081242
267040564
226042507
321705692
21483213
319159423
239944598
90138871
315248782
207014516
142823065
268389368
249140475
60939612
153724046
123966581
293849785
36568623
36371997
114322995
313234748
102923270
184977779
235450172
143105800
185579375
277762284
279027471
39562472
58176742
58350090
8664197
33793735
292952453
223540777
68274944
72162132
117735385
7514196
74554397
48629380
150062118
305786849
117905784
304191298
285883952
75698724
299187722
250924038
138173323
146125858
94662493
131165200
316650588
155767432
119042330
200495675
216360230
79473931
255493853
257723470
263310960
291395519
294356117
86852529
33035020
176535772
214060166
18207990
299875053
269424400
4180983
82622712
46430023
298235091
30701714
263983882
19590993
194905209
297955508
172151425
238550062
47405536
235056880
218501150
84658552
208867741
285444510
69193086
293852734
7103263
22027054
223473709
270832745
25485959
30045488
38957623
27367620
220378853
15384516
179720515
241555975
71315865
171093007
284358391
119772287
237558470
304266697
120063816
282015141
148085495
160807213
302380625
224019226
83732304
101757149
50886846
220589453
52949775
53348712
251010695
12658839
194871514
56040599
188179253
168026048
144321904
85927660
268323664
286459899
277744201
204486819
183600769
163392092
37263515
107077077
173092391
212219665
190225514
72373575
256785570
168082855
248608910
49497791
81148949
37087153
313138875
128639889
55287798
185524132
36730773
103286457
181297833
163062872
201709133
157714163
38914922
167838761
292347397
271307780
68879635
291111601
81380040
39480645
21014220
275259122
166873272
91838160
175538957
140390002
205804474
168939127
227178714
53714689
268848480
278483667
141614904
278966557
76865802
95525325
66602940
218784195
309181581
176695132
117433616
226554979
214453673
242540570
312090704
44635490
117245836
43904106
20250659
307339128
50012866
23793908
149616168
242333164
154901519
308321497
219899671
308622276
253553685
280488946
58225650
211171965
222248572
236619594
12680310
54636888
60607423
147159321
190474880
23040248
610782
205722583
239835788
53270970
303340588
223208404
102428815
286776231
236355668
166746642
138856881
52181308
310517330
140968193
248311133
140891931
205636344
167216531
243524335
183215288
142274694
316478493
35621400
324409000
143148908
131862701
141337330
290207303
111231988
175151162
207853925
153920972
314461325
78194996
11966543
98283729
124055690
172377387
277573088
168346439
309970535
58072677
218222388
116365048
4450920
229001894
32781567
1365894
151084714
104974074
52170153
80370555
147791015
306511824
285679815
264570708
91683737
162600146
21345781
238067583
94314816
230363627
284913188
222543417
148327137
310417624
12540598
152611287
39511449
229227779
303506768
165146872
243649001
257978513
237147641
95306532
98852410
198284321
209607927
86170655
244976833
136090684
280733950
96394103
91941560
320706839
14051082
66675079
267277069
39359964
136539227
156211427
10061720
150881887
249675083
260335380
49370803
67944485
289252049
20763888
203463899
258774312
231076113
196193128
267930086
51215257
105004838
126483054
204877129
160388566
222802389
131643868
64219205
257487467
114458432
182499636
258358333
103501649
263385302
299276128
296653629
50131152
205936538
324330133
263442044
240843920
292765158
111298529
186145471
48622071
295926374
302916292
216384099
57245650
288481479
310283155
123861996
85522644
242459800
198387246
320530893
118068533
45122911
51286212
192426375
142925602
322854207
224065810
127490949
197910157
230996213
193388404
174050143
38279507
139954823
252919966
13538929
215657734
64759968
203715739
56617913
74505565
312199074
118671353
109331317
126233547
258929500
81741965
87457350
186481666
270826146
206734173
295558033
91077930
300555062
146285444
81475482
24435597
78756772
14898338
36621569
244169453
14019239
91095993
83257960
238774031
16751259
272687894
96262979
192760826
36168093
209919557
94278346
56018422
321961011
11891715
173875677
248081985
127456642
121207429
79357748
51676171
22942130
67026224
130962241
49786525
223197380
155806209
297458126
285587006
170232575
197596775
313351721
290941363
78104786
187939773
252196952
23320777
45364324
201199497
228472270
287380874
299769836
309442357
258296407
104936287
319247968
187145117
269014822
45361495
32479646
240677965
254172155
139922887
124127849
18719245
103652627
298952699
87520345
229691822
115224905
142951574
179422656
281413836
69338179
233193492
167168860
220670875
37633123
142615757
9662607
316226530
238855651
90299062
13819034
22896033
61132898
252024548
162951188
237784553
306349238
211461482
212081343
312291180
10922751
238163874
192496231
202320202
148196337
96139056
233700099
143475217
148950608
60759734
138166324
81731482
33405304
36296471
182048902
295320207
268159020
133112018
294805326
115302066
124721180
143429515
228187003
41624380
154458786
312422323
21105771
89779265
286307977
14668305
136326944
186014868
494320
214474853
42595108
148111954
186371463
5789346
323586717
279702799
196019142
158656500
216872470
30499716
55753410
283661461
39222978
59685366
105578523
22671628
311519335
207765055
147947769
103865061
242058067
54985702
40061890
300071659
42434383
194387635
146680878
244971929
16057313
314454371
256561397
195627304
46647160
30609056
87602728
191672272
80242122
268585439
310869841
135299411
159178559
81655160
34285784
310698985
60455939
9596707
178809576
39223861
35333184
289608601
154825424
111951625
304509328
156549131
168641759
229474330
47857475
303897598
5831529
187935912
277778049
169745170
144753378
71575828
249473199
20194521
178843953
187555443
209854107
58750415
146937744
108466406
52634950
124889701
68842457
241230051
204189809
72215205
258364714
31505700
66748433
136493397
277928724
298533533
152710657
68736108
133127398
258520374
67358917
84662788
45986028
73422830
218801090
9097457
264653082
213183285
302954043
80956988
300442936
54068993
138142712
23590624
6926484
135863304
86342334
91471921
247072570
270849803
288285453
29448820
320415556
46015062
72437957
59630012
268434114
71965343
62151481
307852174
40379184
150195889
272714885
63048899
279843849
232074805
310385193
98631522
102482404
280188728
217526482
10965205
180214480
7010635
283669153
227051522
254236331
245880857
292563557
226619957
133580927
99502272
315243746
25488253
163715008
280079344
123974159
319108632
235357070
14597374
253280752
231024949
93333755
147778945
318246233
139161912
25943995
44532273
131310184
29226527
170188885
97245067
183463192
55749215
19976761
237675404
74480565
169646192
166349768
204063858
165378249
116374603
320464908
95943342
93629224
101173224
202331647
288623105
293850543
204196463
70641089
43921306
257045495
317147891
239579436
243342343
172896897
14740991
188067906
259917259
54415109
227196995
305876214
17863124
15103464
214113552
235120768
230042282
91407485
28231728
187417293
303744812
295613491
319839843
58632379
34165868
35407208
316368284
194838130
320601048
270653965
251323028
58232780
279713817
43211344
247769619
37758465
28614068
303917798
104656760
33838776
134111763
174499538
13925523
145380926
211426264
5528289
62726393
120947240
33591050
211950902
1164409
34272856
14641797
275946041
105065512
122521736
117924882
186658803
242937421
218550798
321237345
205281760
297441335
131792585
34036221
231276058
71998727
162248438
5009397
87203646
304456379
221591732
8723169
188363443
295385745
266959912
283496132
144480008
157488618
295857509
302031994
162357923
85717757
97653611
144898227
58209217
312113341
200336959
48383125
87022685
308126850
56870051
245479746
30765264
18814847
44108717
108226165
292955178
35722207
136938823
132874845
297107216
197021229
320999703
238806782
212830002
263479555
234007163
208791930
80105123
323596053
272165240
208437409
249655329
218338090
48471493
176365706
96104786
75793456
73652421
192300239
109482192
31031552
15287031
148766205
267024111
101622264
166466181
103895206
256490597
222184525
143340891
66192125
98932603
144012027
279720377
278404000
274057679
199158091
47804552
300569479
119197779
84163268
19609997
74942946
32388752
305012428
300312319
258296558
4046020
38676625
82084159
150446812
164858222
13576564
226372985
68968401
285439479
213187422
152662861
98234526
21438360
101614038
90051774
32210371
68140735
313584638
98785084
176336884
237514801
142386090
234659724
63775633
164286931
270366054
9730346
77735800
195424784
315651445
2903205
245776941
88751677
212773927
282131219
280065120
272952721
303709336
255985138
216064043
216817932
185051668
97027507
81741874
21011520
251119943
16900060
26270178
268396780
102993933
14156417
225934489
53262572
32756137
299040651
204826040
12480055
294246138
109361026
85762349
89901189
138718443
304431434
27811304
314320029
195788366
6153936
291109586
166622241
198549478
47947699
192936330
242195637
265144571
156534533
32689288
302507883
4462045
144506003
63453311
107381231
168067741
63370071
116081287
203579906
241344793
97964367
23375376
25765263
157877603
126112745
202759169
239239325
208830626
14259927
88325049
10542076
105540376
7739652
80900618
27859710
258305058
221306365
292339366
237419319
143239165
178685496
257538907
132326194
150791739
263717975
240804701
40642602
8039839
6666261
260368855
167689921
8271111
39054131
168924628
59941415
222964938
197489958
207706167
235706801
163358107
146639972
68346632
32550551
121627317
120511425
1572678
104030697
108316951
166503389
56836982
71179602
162256970
51580260
33426368
241384311
233063683
81567281
310698338
262716108
81056285
154754249
54772145
155091429
307621803
294285838
253921471
36713230
66768638
189539377
221227612
169342727
107546070
192573026
107643338
238199212
310705255
76653639
253449473
38812508
50098745
273414522
207707826
160079479
34022340
79279590
234827665
132393095
312966640
263053992
14123440
153742417
166029929
292792005
149833737
190045566
27585275
185044262
44915709
46108457
221756086
303649979
311321721
133361072
319803166
84414460
62024889
250468744
320423440
130045820
81813965
274143745
272124498
248700241
181863630
106222037
297902571
303406993
219375034
40844741
99082860
14229642
289547493
154349208
132951610
129052029
179915369
273938299
226383384
41956931
275485213
138543423
298144317
13293418
96252425
200213552
65547268
303313251
71834491
173142639
299679795
197888624
269033116
142423853
232630765
127076434
301967171
6859507
58942418
51722564
152838079
76078700
23143885
31008453
260626619
198104502
191983289
239902809
133977957
110365316
23452676
3797255
138560753
295623464
34908552
41326929
196975336
47386595
195314803
245622054
190926868
201059857
156393239
291701217
290593429
122629092
121179339
303773553
115475839
190150128
88892591
56181135
213837338
73916220
147643194
147717304
64940079
248765918
41227757
192646936
319857931
34558218
167679305
59539845
276128027
233971890
288616118
165196708
234317068
305383035
322153433
49019115
38525707
169594268
261530707
192316561
207489346
321295866
321343037
179939706
74597623
170024836
27575405
275040655
89081163
292247906
170733189
192380831
66633834
61221028
49849143
92559996
187805847
110824805
50482577
125979666
206932095
210438456
221563640
315719211
92327235
232508714
232266647
168345399
198152945
34542032
135471307
55980729
131899203
308968940
312872937
259978624
294103331
166695071
80827944
162207057
297160549
72893013
252980303
54541973
68676309
322220053
49945827
275601275
302309511
195533831
222028825
2764489
172372845
82943473
98870061
286904342
83908832
158806048
31978140
32143415
52297630
250964987
173786294
239741763
49737299
22125097
299400118
34821830
251198615
264582781
64899862
86586438
76853199
199526298
160174874
148243694
161443904
67407286
50324999
319544632
75192089
49867241
294234240
195002074
173367239
55270977
48665030
285118123
7707358
136314738
28555373
293586184
105613269
9253208
201125047
16977058
252539213
194862956
3086579
228924989
70903332
185864016
89599798
139023350
121831368
283163012
226960951
284874815
185997600
28138398
216716522
100794440
80457096
121935190
4001618
20175696
243180736
133672404
11028516
200006370
70274621
103891082
200128877
223635700
262182101
66421261
84854101
308664108
287049166
120939262
299412327
172462936
123460511
229201703
173187335
159621776
320702
261756976
51840034
137274282
9349678
187830570
245241577
256217718
169268026
89405636
268661977
168780543
257876070
317273605
92371515
129858763
183468898
217206247
8161296
214648240
68628441
82473745
182127791
232964532
286272856
310674983
159800942
29107238
99015718
233832643
226564253
186514047
224685864
271054575
210703460
218543605
255211684
299126887
129303401
95255735
247236718
215315270
261093791
9908313
251092898
316085280
131866916
120395411
225988829
26074226
119266793
316614624
184610109
84011169
146950539
249182054
4215856
209611635
110328502
149661842
244685343
45394286
77313189
213201677
236048678
164005243
81778187
14349193
52670543
82889624
293834574
23386074
28169754
96249459
85521518
191511091
36129308
211941461
89204085
88642257
43456273
202827306
314359610
152421781
263841195
84682843
23469847
266031185
183178181
64783487
48687896
69837917
249843307
148658177
137342412
162934217
248747529
240977334
91855590
161240628
221157967
297774598
305809302
96241002
128326760
152279325
313736541
77889669
289030001
117245586
105823966
6684491
15454700
29368223
57833975
278300347
228652689
76708972
231114965
36768714
238983910
305383572
168684606
259713072
144989262
131045778
118889551
290164476
244165536
180194243
169572172
204982079
317064066
253461129
203634036
223303754
115623883
123664919
23209281
145091964
156718991
133846665
214193769
298327425
113585428
281460783
77869631
129723354
229752378
290441582
297459236
137505031
186647342
27776575
57010721
311740255
23706277
260363624
301071357
27421038
248131079
188854295
243283113
282947162
92404240
183643906
115408455
114644835
200923629
244570178
108979393
278314506
191236390
229824136
280913526
317800473
146926641
208642446
135787654
224048089
210288408
193853631
261023911
116798222
115193128
137641640
315560779
291019361
184199626
158090915
52131204
196175413
130873750
76655460
108144595
208389922
21490688
232940272
78090447
166159962
75252949
34970683
218720492
320781113
235566552
287402877
133165856
68464114
182257206
90533461
206272594
81316956
177180315
166376058
165997779
263183151
207176701
22877013
154916569
103022640
274008802
162039864
134650156
309607708
269302069
10333037
34119727
251375928
298105722
135854709
18989835
52185476
222981292
293447223
223554596
163486077
98401912
315123818
288482564
295093759
16189941
123660083
186231195
222139403
159313873
204688062
166236298
258401048
143754622
302311200
171470640
11316878
133863840
294032
