158241537
18556896
248816812
5880052
40787899
162993922
103328789
55210225
158246516
152146481
321756041
3520327
192331505
323810097
131685852
175074401
153903500
119352470
22146540
55369922
321869192
144389946
192838343
123236470
171654971
176842744
67781790
24929294
248577476
216995703
44599458
79430802
276862260
158124210
229020034
307919298
219375685
22868989
79542270
100428508
126496364
315219969
150798726
44236899
111136945
134878805
167193396
28589756
6291492
8800486
158823314
274761416
67755041
197185320
252160754
238693957
272702875
9223691
293499076
216457836
241437414
178962008
89917684
259383559
212741636
161142266
303348281
40872726
88964738
126637035
321683971
19291433
234843658
144617506
45859324
282188326
267524229
175612024
8616452
7993203
95418684
11259912
54598276
105833469
55784465
233036893
172554232
120262018
262667162
312225280
80770244
248943576
177319324
126849549
181365001
301102111
169630629
217939305
217879682
236571040
274249453
33513048
207911683
256199625
117544772
140082651
11395407
267387772
238439426
111558725
147324489
238930079
142327383
14478460
11140121
217846304
210779617
15750442
165732782
278604238
2693641
316140229
18121578
66453153
183081700
49454788
172923142
308970450
300972944
88203524
85767991
210987080
259429906
34774438
192396861
193205013
205034656
102714755
246509429
277570735
51505045
149821144
109699208
226331520
57474966
260875938
150341604
321978495
232729051
212135584
239285146
62480346
272244522
92012226
324104235
236378463
129027001
136639526
191310997
55717259
284808334
271863006
240331982
96847136
31545091
260961051
250118454
169776161
206084242
276401877
281737181
263847134
58629888
211852293
317774127
49109375
70009081
324882634
142371518
69015425
231787106
130093422
195171364
171712676
142987587
120955631
74676569
45029632
271216232
286948830
292933246
230588872
263186501
37112800
127329322
33614737
255352804
211579766
87551669
246131987
17950341
161255294
150661001
193625761
170358532
236515572
273783739
14436241
132083534
218713037
233754372
240550795
468295
165878354
195041490
273351560
152120732
277798663
96643252
92684315
216397041
249843228
106737061
242166720
25474375
111644684
308893944
228124990
21741587
90000490
213687555
30462880
55250641
130021993
300094213
258245881
26750837
316294012
49162526
30695604
51455441
50739586
267779492
303022956
134634086
123346166
188100094
73125235
72907079
248815044
34132142
149550542
104296754
44271708
99601980
151051406
2968753
275749243
20071756
129672254
258661567
251592430
102976385
149880951
256905398
6287457
309290621
117063559
150350158
292161283
101510165
140746247
82156961
197037917
290638227
98939211
320246294
130237936
209136429
63989318
16435076
10753463
307691240
291912400
122576293
40567944
298799393
74361875
165561190
282807402
242208797
151367717
231772465
298138410
112929839
66460062
274273988
24490734
177552762
266836541
184135435
220821518
132727725
294186888
191504964
137358007
247156302
162733897
288567828
244667820
273988123
113304256
320794154
186652869
35140087
6050941
293005957
180139003
90577763
204657661
274744074
149741530
103093635
247612727
134255472
39491759
294515278
1333907
79338831
178118983
322212940
274848103
182569354
17916907
45344099
3668481
266219534
9296102
197160052
211651178
217773551
127138066
220020443
191319455
223197820
44437941
163149955
265178940
244883492
318102991
182178963
3809620
66587366
307680035
249873283
297091831
307111728
100965361
189154900
190291624
148456247
218148776
41872954
230198382
175360300
280333402
182461010
7818625
173830657
249332751
28309530
22400594
50068044
225307665
81178473
284912667
190124242
155766000
218135420
78064718
45295880
164079390
208113478
292931754
107627157
61265699
175769122
173148742
267248698
283945991
126088053
16322444
322131607
297518353
166952666
198253173
77372450
55599582
37106271
241557782
294376852
130095105
250952321
70140190
103992384
247504202
81358727
308206991
290086690
75304944
252587913
136244414
231377544
121271226
179188624
244898630
317730909
47923377
235853017
253818003
320076745
144622407
238584489
271652561
120843102
44966028
35349879
244786697
98066342
251061354
203961195
155480037
54155561
63049688
28744099
218391215
310014964
71431080
203026772
164397676
225452695
299611255
39460166
96841749
77342520
258813017
104019219
101047109
271298698
253947342
94626866
34849516
74711464
109648947
190020731
145568820
52858582
238846559
152804016
270937842
140390753
289767509
53376719
165920158
321184935
76893904
306437277
129119492
14908624
143882059
244949508
76015431
263925300
272514401
310224713
110012961
52680913
11144935
274559854
70532198
186210616
186656415
130710811
303217165
36495354
93788359
4627394
309164063
190231394
275516877
308532731
130366973
7061322
114022161
145570738
209649545
273858996
59720941
60581496
197334828
119064399
184758400
1411064
243989582
167979503
17426590
273105913
261765737
141249466
142800055
79927668
231929720
139542121
25899186
226612252
41667674
228639839
322980529
66202082
93807601
11594953
216575569
50691705
270856717
103111004
130585281
191010298
176038481
82588811
46652121
202562480
148137986
73414010
283386229
275136098
231267722
254975275
4573183
161895959
165999293
187944241
175253515
305181085
262599893
287061879
160161193
139526522
158496023
54278116
161328217
78487808
206950014
196097052
137384341
230786298
9293933
160283697
209780094
103235188
36595987
247332459
138997091
181429513
229019674
210699519
284568642
18126544
117773347
245458757
106183570
85735013
237773386
212329853
226562342
73317233
31675051
291096942
241289385
305960280
269960363
211690392
109153354
295651942
288379178
186992301
93249930
305606678
24917589
24943097
167997064
152397610
78864241
317336392
178088247
86337796
160936914
147742067
273025477
186624112
6596002
15328408
191277688
12469488
283406909
79728675
87278465
197640339
7883696
159084346
194994066
36888618
163738171
116923899
109601909
50186667
141838791
111635854
88891418
188168766
204545905
243502411
303653400
172892152
71544756
134229048
278439590
141953652
109744061
9968035
10420450
278159621
23350976
113443278
160686931
110811730
304935245
261287895
221960616
52737652
32017100
48544187
225733108
165122408
9507638
160677535
78536439
85418237
151761267
107284424
255262258
175864771
55319398
11059976
297118905
43863275
168738374
176824422
125438481
267665065
35634933
256279311
163573428
194835327
55954281
93209148
104649196
239194925
42017829
14655709
308847739
94717178
108147368
275838048
127131546
110233553
43446527
86731698
98041888
191387159
66451144
89577022
180425521
16663218
105498359
49766305
52944814
161371722
157296466
268843568
158614274
192495340
49438170
78372859
202646814
17440735
206012942
254535106
319208702
279509710
297877694
55819669
163369333
90069904
218982403
252867679
221371787
279101889
312623196
147506129
103174830
217210365
217782868
107445624
415629
150543745
13223033
106291869
219092998
227986561
135105647
69917398
139483498
317283205
69296426
256809064
228954160
73512160
312590923
232376969
184861372
287543838
281821840
323291356
309175505
243189783
282153783
59253262
252983661
260444511
310191851
38722626
234923361
203216610
110259137
207767872
165229165
215095004
187909486
194780735
153123002
129851714
200690011
102268454
303883099
274757184
324923126
243135076
308269969
8442428
229589694
163983422
89366108
184978926
156820569
13246987
252640012
96592587
303698619
146754718
117238848
121271755
67394417
248896993
38457176
92475562
81419541
273139192
140948500
283757424
322180883
255311082
196366031
155975660
265096459
157607678
223318065
128086505
157702151
122449587
171081514
185072737
14766761
194763406
266935309
85875077
204953430
84191369
67609289
83259552
56975224
39288367
280781265
113900757
80565466
134121515
156239384
185904042
17799520
30112610
270860385
229161187
140809834
176654295
79516432
133402420
48182418
271487880
248841188
80185931
176955982
243128759
76581083
241675009
305017648
55748255
19279863
250971960
264554959
215753008
213448312
186276629
65303830
17790981
304552916
235360891
28505079
245316187
152703089
137058528
142207241
215068927
112209001
106493163
8031958
221488585
64834589
44053363
231962620
315699173
56822299
114056048
209307301
6209887
67687859
319767552
103790593
151337739
166957901
283394216
204203370
264522062
122447464
77154326
153500777
146905323
241683671
223882636
295533262
269750218
51562481
313260001
183414056
173693382
189103535
79099746
50474266
205076982
16843572
87706424
227170207
49130725
68854597
134613448
322729407
286168064
198614568
271553325
117898500
248235762
213412754
45617311
165051983
30923203
257269265
50493286
313157863
301527283
192465166
104765382
266782487
118276269
119706950
184395235
4677092
105242511
188376408
115299809
36136091
124233778
8923303
291405436
45857967
188359992
10385188
6745668
315742545
144283122
22623032
198733084
139215222
38113910
115103252
133487825
161315575
113675744
313789669
217779863
265044256
236659943
2664751
213905702
161862379
273668938
302584668
148414570
150033685
68906773
169410186
27555421
51233157
294799632
195948993
156972720
260042466
243133383
223059401
115137038
239854678
68783849
219024101
59634773
129994525
63920456
18184460
253605599
16482203
225255179
206212522
177319176
33512512
45166108
291176662
73249746
51968629
278978047
163353398
94247650
31870000
94417026
114055336
218545254
6277314
250253716
301345000
293986445
15285144
68821681
15449940
302665705
265983004
14891409
287027010
299950288
142669005
306444382
244259496
34267288
323033229
284061894
202784861
143895563
198171601
7559538
286886549
152311132
124353364
73221493
72815263
170836181
250499898
25360974
267882553
270559855
169775922
253059469
155721858
265188218
113187619
271439055
247175148
81466554
35210273
310806795
324268579
193278026
224613043
103760836
47211921
138232787
318148083
222258363
64097719
214666079
51320492
211336217
67488642
312172923
92423972
292260967
158683137
283539730
43946896
128486805
97892706
268814818
223443131
306094681
159480272
215321311
90049822
110023924
65059168
45632784
258272959
305075565
180145150
144637360
259418436
31564958
211084444
43523683
115681043
282806833
222733038
253780520
164700678
310434715
117534363
194738061
170421562
83855820
53338932
59017372
320256114
208412058
321954175
306443015
82354184
6170024
201074272
75889852
193897208
83321840
159664322
40621135
28472026
260068995
26054638
61040934
299033744
143128942
270740648
199088940
96713550
113056990
192463129
290356310
4364854
130883040
170263938
211817577
300059222
253397753
94618761
190638252
172874374
68312484
290123092
158735124
206851065
105971135
16068725
235934350
53043929
122993723
297228405
181168102
137226033
42017439
62746497
324659144
300395055
4381025
300731741
117311755
3885130
56235079
98147020
208941709
114214880
156879840
113494527
318190072
283932031
4453793
295262063
73624334
155738169
55059073
256049974
271412644
228313365
236953207
299594878
230387355
240439966
180358089
88667733
255607879
324104073
25356335
95123429
135838096
45110297
260290499
186022265
197036784
4871169
12686536
696508
303628294
144906015
811235
172700556
53842071
197224333
160023657
195828110
105086915
316578488
81912756
259800125
288478926
41695989
114397466
170473856
123450804
209055109
281544324
322098322
133642851
257681550
201210653
17583420
190883798
232196509
153540493
214635815
251306136
203458866
247171889
136530796
154036045
194069614
280077018
113001185
137360987
110514300
47463545
9003767
162159688
174685033
56355102
239279110
20933234
228000399
134288747
261728624
200260560
213116963
154398824
95853244
47620814
47436652
105680104
14353860
250319801
198187560
11299507
64885303
195000836
21523325
194107804
208655361
197216077
278069902
286698024
16186105
292949906
128877731
248495155
143674160
198240199
305237071
126969175
320367467
40162887
105955734
30596013
223517761
305329893
166430762
251551850
28144020
63317979
147841004
222509209
292434671
18716823
253886186
229838192
72760994
186422425
14332797
113019457
298522608
216837492
124421826
220572891
225958792
64531422
41472010
284966193
54622285
114303562
78106402
320550364
178797895
319485120
107903372
255257121
50459899
229977999
174201879
108214827
169234838
168358332
217607961
265170557
14742449
6977855
263660612
212571645
90602716
198928022
80341820
247454962
133677532
228642871
243742777
134820706
148653025
316179426
256763168
223684472
116829587
265377428
195247732
148630914
91467150
110024901
125919424
119960384
321351913
157700703
37819292
144534482
131834933
35768155
124914966
19711552
311865614
97652155
175711207
300755047
20710226
263753084
54984435
278069748
134513069
318476409
102834374
46739783
132206796
86400452
99196384
28935577
245545470
138255334
323649934
46574453
272448339
129501400
284872598
288279494
70299425
213614757
232581106
221772943
117160190
230566404
175311044
129946134
125966748
152141392
18850725
206186829
95457437
180621742
226037658
212101491
200394858
257332126
83300805
296283832
312685768
246562358
126066678
207771509
54424740
24722471
81450600
76747021
204437074
124321374
159538025
100689816
312020990
321013634
161545224
256011580
250674283
276853987
263074866
313030559
13625830
144605913
251943851
32177608
71444381
198591562
209728363
204779328
240478227
280504321
324691027
322494411
56774072
38482150
136997485
198910260
67715431
196616119
50798342
227446443
101847179
322728543
179104737
147527626
254346413
277005396
318526856
135503024
89786076
172470737
202541034
241181207
79214703
232477207
198484399
140614872
250801009
223380386
255552832
292344117
3718544
36386712
250491020
278828319
160559640
259508995
10931386
228756383
234621531
181192910
249267517
260995470
33342414
136864263
23156374
314632402
290011115
219532732
322989811
27049689
131788731
209215175
8566040
274471206
152973308
256550346
166332541
310499819
199420672
77788416
241745057
143660791
239951714
243821066
81620922
45599182
306198411
238525099
254894105
122082934
42286575
150206447
38936698
256328500
278961072
300582454
258432980
158663148
256046344
41932468
304492624
143865922
197246622
229035849
287186296
47468228
173328632
118181378
300961810
27683116
305273765
252621921
290320904
247885544
216082242
85012618
53469235
188524677
258256478
261176512
220604213
248253862
142616131
132542352
108731415
254210756
114243221
191995101
224435063
238085802
254743423
271481474
244558691
60713958
215910815
57048128
233040219
77012594
265553703
125368881
303392318
273597792
282258899
151378209
8538013
102123376
85351725
208938339
227635405
53607050
313700522
207044366
40427522
53469828
115307663
212947681
168125445
229031094
38467755
187352008
101760383
304959796
80133038
198717650
320929113
78277697
83004934
294160715
4061965
192378092
99031346
187910415
15398366
154297131
208666866
271716050
263712407
114494952
199642043
161902055
153172353
232694928
51999016
263768265
275780553
134145014
81631917
279572559
16067188
24452110
196632517
290736006
244440895
155890000
220877358
101704175
229456855
177714972
165732785
279836263
233501986
97368692
25823835
237271756
112426802
181599993
267422684
11291758
14526567
89529650
108334850
192842634
33052325
242733770
29124523
161868954
225620253
74244092
27135856
65213533
122451368
207323568
258068045
192553455
46917196
270659266
268812419
148260106
86461738
81870044
6834340
9148714
232181365
195553114
9055977
236966303
40258157
306953722
46080757
219366089
91834387
238469091
249888616
5148247
128963494
76591391
21485277
127931290
112816138
240001085
176499617
137892027
63057148
126580571
228361188
101392163
143002623
20545625
90150742
275770206
264924525
21943824
302664122
66688502
191103954
86481090
238503316
164998128
246593617
246526422
24793266
307502206
189699703
98921212
39714139
266790036
201417827
8537019
71175583
288816081
57109029
105476830
259656139
156209213
85646275
89274568
259628463
200625330
243859716
109181075
150810675
115474683
252777462
93566030
296639757
207309423
315326138
151273651
111267385
316937284
268005624
251845972
49432092
157078060
275376075
32452536
96538555
54362667
261311785
232916194
95028845
73821280
170742537
270422324
100227293
252871031
37589739
100672517
122780517
54587966
40100035
293424526
105420155
223517546
169281160
79190851
112083402
233940611
146841901
202385670
43570683
315098081
224467898
281292662
166142833
170154628
242594374
303111693
195474679
314290048
54890695
312758304
306320926
161607471
279514066
40271139
315723384
108304274
156154959
156246804
292931716
180817315
318137555
199912082
285631153
113552996
24405811
114112012
113102282
44506840
105883253
115583049
225063398
116765429
1263288
123945707
18804901
21217606
296922706
14133552
87734705
120880748
35688133
96094328
12391868
177085094
138292467
114481951
250674093
30843004
193693787
94959754
197464405
266164094
76104722
288219835
292335113
185204350
78434453
157633713
289230630
87795733
247422730
57145427
87266391
178633530
120218199
3154657
222246824
258211135
185458708
95296875
318141155
12277889
268828762
82489361
283520738
202566984
284245842
222614865
311961905
217908144
12642740
222713099
169895645
20980671
202631947
49193002
127917517
94876760
28120600
300632652
145781241
69905306
8337108
278075601
14463516
26165918
269729831
262414443
262137285
255001164
318110203
176713530
171510020
215446596
117724120
310628565
137678450
103152241
40545731
71197443
203846905
253623900
277853516
192098538
122515666
276918023
63895405
297715849
189178252
260920330
113413788
296397827
306917785
266837015
153978781
188071826
15987831
165458982
202128216
284826470
112202939
263392914
132330969
72611464
48145050
288093748
225955653
32922940
113670384
47137789
134783252
310010735
93083128
170319721
145904883
101431571
51801962
131469642
170647191
227791436
308328310
144490525
257962930
169772963
221721975
132136796
144298866
48391290
18046620
262507703
38781139
278288824
197732803
176959033
303191714
216133096
302615496
198176363
258932550
315480216
280430176
92383477
1626400
125809038
249264450
250196333
164582679
180822172
187619726
140205335
47057992
251580438
1716420
54763533
28095936
83145887
282824597
255780790
111429773
309670442
91812666
276615079
19882915
101089201
27615574
228716581
253135105
117000444
248109531
194893880
108517878
324001056
171861540
151311923
181353338
179172757
93091564
294615420
126663255
293999775
21618055
91466970
246859707
181394001
194097480
150543815
89648028
244064537
12315651
149541378
161061362
142030933
248925238
68736472
26310304
66159214
146515150
190515975
284231378
296432419
15937194
276818932
123571663
81736219
189391209
100569844
147476239
47542631
237575740
244643273
33037396
248369123
54339017
241211493
6443043
17081025
129451695
271808325
66217318
271676483
321583711
232659115
22666349
200745243
179972639
324484535
12629449
54687562
295703642
85449505
74570282
264148214
76994490
39935754
279580525
19366681
75818357
293605755
139789076
307010616
268586970
291436896
72727714
187792898
70675925
27222155
79381779
163220425
190768336
106064023
82765452
114286402
279333940
87486227
116217322
129035372
224830840
134947210
34695225
72168290
174505060
140111430
126390254
17845841
206113213
113586323
66491988
2731256
302823713
17471507
15694695
65355949
271682401
288880974
237294534
6859701
163693004
109598872
76675757
40596185
322946085
168190167
31717698
161348765
98765381
150054698
92581426
26476179
10762905
141498187
285326426
266136163
236768952
120065458
271802629
59700201
230871321
265245088
245630994
203481115
199407062
4673279
207731528
27189324
212577961
200774621
298037002
266185770
73158565
93269216
144549356
202027437
247137599
100980896
215442561
18344982
186486028
49262052
188468808
222288120
81741230
295257977
259301708
65957282
203374313
318965197
35889194
221706485
187495870
231299736
301437663
294395203
253787581
193685780
193107454
96510977
159142436
23679886
16434613
172842220
159326897
15378034
288763909
140486840
300716718
167269183
145808768
49935343
170734326
318538027
251107093
286830347
32635680
316911253
265487055
302727481
217876496
262766291
143331064
219563866
175633131
255494009
119132283
231064255
57765577
99691853
89449866
247701151
292854600
28809540
8201907
291071457
131832045
102256404
160705764
249134254
150358817
267089857
56564450
294987916
46283312
240922704
239512475
116939397
321988074
245890405
321053102
293534090
132675484
133816711
269434629
94265150
171791079
322258479
15729717
39917229
190024701
281888697
204597575
43247096
160446713
165294268
207291776
9378144
57522074
6537858
199709317
129972457
131367579
199379062
76087031
142193143
42349119
209784201
236852552
89217557
110604086
309883334
237910742
47033907
429312
24852658
160316183
31788482
34693405
108161321
176675392
272410167
116975427
54802034
67820913
299818819
318871447
162815146
21032504
135594208
159025656
277598588
255993688
199547200
312750610
234414344
197683625
201370618
184817124
116688233
149129189
194112879
186606491
100630857
250849058
222414555
310536608
98524724
305946767
180715622
100691278
199923705
26173871
142826436
300211058
130680146
45768288
83209670
303881276
250424941
58928615
312862863
238123163
308930984
314109787
99189408
192743411
99412941
251745416
68984046
163464616
200238939
17222244
24781578
107049654
78485923
213942397
178657938
105022014
152065424
53207277
188380193
216598602
191923714
322522375
28338138
177711759
308618418
320920889
92793561
67954833
272998585
256926950
150762008
3838907
149546709
187305015
119875148
312450292
100954998
135225253
57941047
6515973
226077527
237518292
173927963
131829352
242725993
233718196
201868768
256941721
121383346
165113939
235494566
88588479
107290621
290732223
295012205
106771138
212917661
265823790
274432239
295652330
3179284
276998236
211885995
302055054
189385245
203403711
235208850
136665314
148298255
45476962
286674633
226217338
217450221
106285245
282623334
289221119
202195666
86969240
106662450
8022231
19491212
14577547
172781024
9821079
131924189
149904833
292942822
118435886
37661920
18829028
192911323
34471661
111589207
88075486
250272959
64506626
196055442
175712534
31459466
284919301
24320403
18568787
213325609
190232213
303956372
89703237
189224984
255706354
317448227
32571332
62317568
24557070
305410457
291335847
229574627
94402301
99702096
277169758
256229284
58833302
32296617
89062769
264025245
32049943
285977321
9985061
66943148
27052523
66608969
241235899
29772257
179748589
54229037
147764451
179684846
120892407
264699716
310209392
268364033
136130497
270625723
171417310
219932918
75925868
298319510
28997019
66918465
236811435
287097146
71666282
234769086
66283360
198665114
230610308
198112080
62147451
31433994
148820184
194117299
140192396
62960512
264444524
91041944
34241753
121896941
282864825
1791700
24670176
113081076
95809927
286739260
260236030
312217004
25158276
45279210
190815613
96279420
127363439
279028547
5300826
61131992
104215342
253667354
38652593
245623021
102439588
90734558
89455685
65765007
210132271
248918175
154158288
32952266
138899811
94134836
177076107
89334203
250477517
131675304
125181246
195558017
270136581
98501218
174197770
241254601
142527376
182371179
136260094
161231775
221833826
183283978
177386541
322590891
72785441
154640309
294013341
254018208
16635941
216698959
237261362
1503644
245462912
220758949
98013033
50013459
128966630
212940009
299592958
46577432
281513133
106707126
241589223
312820884
20636349
305406742
274065742
68206044
173819796
324099625
156818769
48265650
3373096
232236383
242465902
306302220
185834911
27362404
101315983
179540420
171077612
66177853
88290292
222139702
23971164
269087281
124763271
162887229
102014680
253319550
291923923
218323400
292618048
198487104
235692634
39521794
265165014
302725389
8149575
309651824
261091150
114102707
264168631
144803345
150106213
114895063
107592958
200879698
83221944
218305450
114836623
30335559
258450840
218803330
122932047
260019258
81575344
32665011
97285926
138471452
104386482
201655930
7256191
265888886
283047215
275692433
106072236
217886068
292277389
21078943
72697374
275766520
68156226
92318521
222390896
283562974
182660964
98031007
183740684
137104645
149682285
105469220
74914424
55010772
311470441
201542345
226704202
260471327
168965217
313330975
185713442
131995310
271883652
130882479
292548632
280571556
299157564
133446860
137076301
83136684
271988028
243585643
126411893
169567897
103538204
133551196
86739340
121816481
11933318
52548569
281433415
160564855
230754981
297950040
296594285
181860746
130768203
173024725
129427429
78694188
287259643
11179938
853874
304083967
87508749
107909443
274699911
216419561
293570807
71659509
20123004
126906592
71734044
304892841
266382599
320574898
111896192
87924224
163579342
245042743
317037201
186765701
102655
66082092
160422542
155106479
210891512
209639683
290382070
547039
15973031
46360646
52850876
45616835
171834820
183352886
243019823
266234984
110172006
264931263
39820601
134116553
22747852
10174043
207122431
191507306
299277829
39127833
66354250
102668703
19274050
261756500
198686494
117000246
301691152
321337172
78725855
150196308
311502443
281436344
238983771
214977645
67179105
1257982
189393407
163543875
107515501
102205383
310757829
57924057
201380874
190794534
37395939
154771444
143901033
161451335
87958489
122524950
290771344
140828088
96273302
230537192
174416075
283821596
69711657
122948348
49419833
289564539
191650443
170495024
309307600
102436067
309282766
262850007
272163706
102579056
290543720
216661501
118076444
182942031
22559587
152257283
245505724
189222093
136373692
311952706
305613431
291266267
122814698
90534579
12014244
18453730
160525226
176185324
131518194
35049331
26409935
62580376
69089490
138411625
69810851
81362348
134317596
129142803
39243112
322247355
24327013
296686945
243804714
161992540
179421803
304976430
251325440
227114458
296453521
301513531
95742081
213956120
144888828
108921571
317137833
256110500
160900070
196615143
25777325
239515159
124295373
245377062
56699517
234714149
26431120
69767928
81837429
266616044
308523070
196860093
265718815
215905226
12695788
218996971
6306459
193468331
319097974
300416043
202834715
298826000
172312295
197935100
72200086
189805135
139598800
23751652
49950791
56951192
125492910
274192679
242331520
159087964
161342361
244245944
143422299
18864322
19760972
192729064
295464558
142757500
89504411
156169462
101661974
2576281
209799462
315859136
155872482
226792518
130754803
203451747
71924065
216248981
95749071
268493196
100273667
280101754
255858850
104566780
120311960
57485104
3837820
76352482
9269020
49366691
281756099
104359059
287802759
98029745
30112757
279448010
23297547
233446246
285449532
187207716
298411096
41961694
15843459
86854078
33315218
111873702
187914398
99400562
237307217
237191149
139777282
186716203
67482614
192230587
207975716
204184106
231599678
176698661
177907703
215550348
268289707
202569231
10562443
64869054
51768752
317843964
125430897
49555563
129568326
110012881
235329974
66881392
230887476
312887122
67757953
79522716
162598270
247180089
262371518
147554241
32385791
114936582
227419983
120974584
317729797
51704586
299181403
196221312
81491328
151622481
205132076
65954777
19039585
189056045
11592996
313192681
173783625
228044191
279867227
268567392
290820012
76464780
89138905
143647995
49431195
232703149
98793242
139502854
133580957
235635535
309993971
42198511
236436482
232462802
117183108
89810576
190685431
35222595
282118260
41741541
290971682
238162967
179726344
43497454
131318911
226365720
172791397
218812858
310260262
192128005
70254909
36920131
80771841
169931208
257123886
250150638
280623246
103013659
18987084
254820730
306136033
280454376
238223522
218231843
154412293
137048115
188911163
167638014
199492710
91052528
304945429
240913018
106982871
42975607
53601144
273479073
286096782
132280602
235616722
267976910
45406956
191628431
296939772
53593254
179801024
90180027
106282191
86863259
115762853
78417496
54920524
227492262
256863815
59018293
266951757
251275091
23453601
185409598
167198682
20950124
150189354
241255230
210440376
301467125
197364188
92158068
25499958
124889459
96299192
233108356
99813457
152692373
132066177
178192984
300545312
4638078
142501213
3959320
224260702
270245095
146448409
51288072
242168722
258615021
141606722
195817992
204069305
194622284
249413763
147044650
87348766
75996272
239869543
185114488
6854747
30019907
137901071
157701811
139758841
25115865
255770543
231791663
71591179
253058192
201649208
190254498
314004972
61967180
184459694
224180587
277282064
202673838
8728452
117963360
17634230
103863458
223269570
148661250
82258614
1464457
270146239
208756035
82064909
59221673
319456818
165787654
165849854
290481046
224821144
30510653
133235091
155666416
84221972
221178609
301901002
28977010
16025148
74415339
299332063
71609495
32252464
42485677
279971358
224500995
223726670
296894861
37122519
209178936
205118229
213183034
178451796
100357440
298139395
112833632
299700231
258137669
9176675
294617630
200534849
155061087
84877885
203369334
152944276
91279944
248030986
128161717
138548012
6006600
220457277
33367767
10620152
168131382
105682482
313403844
246514669
282829106
217538796
302497920
203035822
231707016
298722594
5100438
54070404
2471661
168058730
10840590
142595977
7397711
232829815
72238087
276709422
101934012
276143572
256050683
161024721
222144013
242825481
238221482
310176388
316773278
34548105
242774893
155905294
228712714
204977880
259917347
233744373
127128221
48590552
25613495
69370997
318861397
183595669
189449514
33835637
247812989
24805196
164175657
279535539
161810527
267314566
237627981
214318356
180261693
273158315
64305975
319143558
71000688
170768497
257735026
52164074
116632626
15996884
25248293
197030187
5457504
94500556
270642330
106621281
174421040
95275144
159491165
263038978
38257617
304095192
289493716
280492699
142419163
210861185
15204385
287842710
174242233
1878660
42351119
228527844
231407639
233245109
249602108
286002524
57791551
35510963
188877828
288706477
105130404
12682180
282318836
256103179
320541774
255994187
294333812
115321095
249178175
128820053
101252689
28669254
244144482
259691905
319541309
269279238
304619391
197348235
288629416
245780935
96348167
176344148
184133456
275251685
91293707
228286671
98619472
188072067
244997883
191652532
257592696
196046075
43951884
316288124
123631904
232652617
178386553
312167886
176156044
216646497
302398357
279451196
310879425
159611345
38550607
29322991
182426387
27207833
57668648
85283907
316975961
227002708
192006234
144880762
152585268
23267902
310637607
264965135
131630563
277638267
151020624
286028893
65596895
77580017
33502469
111388628
263617279
259749100
310078318
24582920
201631989
16054762
184224152
109781161
285741619
322433175
97575592
187142164
248913481
108986581
250250042
3868614
127370077
307176510
140982442
144051516
226700747
128102266
97913806
111450581
139215864
199586196
24422361
294546869
176287571
123683846
127827484
243443906
47910593
65088532
164087555
130535874
45626839
148982767
1203585
181010692
293457282
14000715
8298007
163728926
61023605
31980029
276077823
48904564
206996277
317161749
185901918
321129683
106896759
157698778
216735331
310894043
189357111
69463801
212292531
224070356
219472630
8962512
324366366
180274297
150432544
200552130
85907125
304201921
301703929
162514370
86393937
194558449
238298010
71614076
297832706
16754284
42100601
141977094
302092070
309038571
215576911
116514063
122507824
33320408
183830494
51881369
