52006568
94787332
201869457
92097767
253590532
210447703
300306737
124397870
79611847
92169672
18797908
32962651
76097918
26490663
65801334
124384761
32844629
296501016
309288174
164483960
301510303
206871744
116433480
203369758
69541021
25478211
31419087
222297926
144223346
218418088
216104553
199689530
52577044
31684805
297288941
152078804
311602526
63339256
143706382
77502432
230287743
189694827
232007357
87478518
285551862
172908414
225064100
242179507
121424069
36487727
103989216
28867666
153151880
324858528
318360752
248805212
100033071
211551740
54924918
320204923
216144204
130043845
13783445
226469414
307791436
185055970
294567060
221563041
219471387
297113956
239103676
217553293
177646309
127405352
209072800
212989445
225210645
40721745
186190598
102634612
264485137
271941110
20584149
116470490
181336672
188580996
202736947
254111917
65181576
44279888
214714114
106380764
283439520
21917876
274341729
316084302
15158382
86054735
285836344
303614032
266021698
28399528
243681563
228976425
299504377
83899519
251548675
18547759
93483701
275547222
13757475
125074196
307374836
205791184
283683614
274967919
66875362
320615520
151298090
105922035
2036728
162604311
221520532
178007414
297920607
79524734
238654325
9181143
251207932
213801366
72530302
75033534
13187820
233424959
319748797
169425962
88465831
178578255
82054589
146575870
6384892
238568679
196222527
169256393
280458056
270340561
196002538
56847427
154143856
213915101
215513949
288420441
58705147
302979051
285452390
6711709
12575367
21510536
288473701
47444416
197433415
268058256
183265116
272512835
313560143
5823363
217144251
124605750
289971435
274353444
242412685
276245037
139402877
206484491
79810349
70450319
64856627
53946256
288243089
156372729
95379049
17621586
224480699
222524847
265336167
80373476
190441087
294589062
196682834
217389982
103912075
310621523
245264460
57418072
181885280
83340752
131528139
250473553
48066923
215642766
27915820
123938587
286567609
47583232
240656212
72900387
192760434
243348900
214877320
93183647
270342814
153087539
304400329
168085100
21315408
238531143
168595271
304804848
296909781
240735275
160239649
91403280
242703508
225649091
169113344
81211368
168763412
104377937
110859309
314544548
132317228
100512121
171323544
120802645
130282502
296403348
262388584
65246258
52926816
160893489
175301913
153051290
181610647
252125781
47190364
545371
6984049
80756510
304990377
156010333
261467923
134221355
178646035
50112755
80941540
163656896
14765796
144010562
82558381
22646046
32742794
268499096
108781939
4574100
24938273
188279528
166445431
254911168
324861357
162977859
226356989
300846896
73478356
148221017
20157627
287316092
35494076
308853995
272029445
78213541
109006519
71699841
213210606
188849969
307249472
81155424
43984423
196776270
232317142
79643159
128495343
130348050
62472821
197571016
207726423
306569857
158885302
32665316
126940094
241763439
111660513
286607856
320743730
239862713
253710786
86183809
154846712
89136482
205909852
277148043
274042769
308534014
223371789
269472971
205392481
20947242
47404074
93082049
306318164
80812834
34764713
317946421
250569643
105502336
263653447
305768401
322836898
193220233
181011465
263965820
138319863
194487620
226501670
37071850
87277554
28065386
144085248
182798235
155691894
265337412
307364099
132458130
90175566
238562482
135370813
14501126
308156084
188541324
220601182
206282526
5212279
124292442
25866033
200992683
47745576
291041554
220322086
59723177
113585208
292800382
88340484
33595049
59653311
290606339
179969750
241069820
288881305
254594429
291832084
103582350
232065206
224404158
190184050
264238272
268536618
265180818
152967706
46387604
7552579
136218049
233073986
92324570
249865331
314907393
61226362
82774571
141725521
280113788
55347969
63701749
241848731
237686818
304840274
227833967
216705609
43893637
87390656
137376585
187292680
261946012
204641982
80233984
185569496
81456365
197643370
289817474
280417039
259907393
223394019
69737414
50354116
130356933
249941582
188502251
83215225
170338555
150815242
209671297
307356636
215844454
187429323
52195507
7871267
43082461
185065104
202636254
91884492
127993565
231108586
108863675
17515161
183468773
277256510
110713926
215898834
312213588
110343441
12043613
290696873
175162030
10068653
225223493
204089500
39546846
186976977
196913841
280847572
151707547
95889865
130056822
257075923
147242081
287023040
201704351
113280410
94993425
310945828
68528171
257510215
282306308
61620350
232805865
318544285
151729639
130060433
31077038
116106826
135886664
103652760
241741453
320412943
132153624
239556098
48450105
197195300
221283692
295766625
198949866
87626132
300870218
93519099
311349586
268073659
30395386
21374322
256204387
238243932
152428142
295469027
251489038
312453316
320115054
7475536
165132840
153543115
191992326
164968232
168288443
34485827
21733359
262045801
303123358
322474759
298390900
265833308
230535918
269355835
264306548
276120119
274263290
310640608
15957963
215543099
62455145
184998425
99941241
276002295
251679184
311260171
89795495
70439895
295886756
192600357
130838726
94491326
262402073
210314017
257342074
71788075
134052369
238112784
175863513
158281405
253024846
57556456
215047755
224844299
279958268
310678590
175597834
246867275
190742429
242127953
264512148
70011640
169240578
28176235
13622622
99779195
226379494
129792542
264938512
275879362
22115258
144278650
260362888
148804802
24892537
222793905
145146887
95997242
23962970
270796685
321840060
256758938
150480773
190393081
324660931
256361827
142228732
237022666
54092148
53722166
25674444
118742638
206798333
145158905
116295567
260633054
23263227
46676003
157947741
51908114
247289729
22529421
302579428
152674444
311947100
23357380
290344992
155787827
252839246
16885160
22528268
122749358
86688977
59273266
202108732
170793509
238260195
162507771
182917667
38840230
24869279
159253075
266911984
245934881
106987218
144137371
276781805
302524931
82626364
292843296
24827173
116620819
84738257
18837479
247434543
214862203
95068521
191777155
321536467
78878966
211364597
221963806
50560065
65346445
112413277
209004395
18621136
142722517
174279557
7137045
128598032
124762503
141635226
86848215
81306987
145862409
37307730
21730846
189962669
27964874
288478295
91686328
87387232
239842557
306506883
90411446
32577255
140947181
152743876
270359578
273805556
243633454
235765098
84429661
240279277
134491390
79906529
8823771
116849636
223626259
198176894
248877426
285078911
227853285
85861582
298175932
105983436
227659748
114093576
276623904
62775740
312831792
242651927
153574320
132291782
292317840
54714868
68939181
16126472
71195703
166837952
103192104
114979853
109634673
241998430
232591911
128563313
296842955
252420260
262384326
244771456
254084538
227282084
266086926
309907589
141805511
81608238
210994277
240138984
321941106
213256393
101886125
223538319
79615647
46377275
12671493
77307109
211289509
184418620
164107458
320066715
88676084
53209437
196671533
45709237
213924782
216549527
253182861
314358978
185446819
150403831
320407853
139572928
2595972
47183903
197790234
196045408
48289313
130606832
154720390
303865035
28221630
79130513
53800799
248967120
213847136
311910126
152243478
294188060
89058521
79805051
47527028
105272282
29462837
298380241
294781348
38569644
150972116
19707576
112889147
185299216
107103194
79427249
177373284
168274462
255248259
112656838
258228867
76878256
301037160
255151416
216731746
7289000
301831791
33667906
62980375
191799950
67013503
172159993
13200553
2025401
310338345
312022883
278144699
215949786
111711901
251863246
88403957
280677285
159010450
247447723
37546588
260842415
134815379
215528740
246861561
315857643
18889097
3923890
68895865
317565413
51973104
146827986
294402996
88009839
249056897
117452982
146168445
28886598
162465207
324908351
252434757
118179345
269981677
221043282
223454570
200552722
43383517
255212724
184092266
48595386
94623261
268747845
243150942
230640
41653367
284973573
190576757
202913083
200822351
77377388
299205770
65058224
56258223
232331120
142918597
65231155
115686684
135017746
321812123
256607170
64585875
122590398
260656542
76729577
274772478
248311227
281985347
114796018
52014328
275096513
115631352
15464282
291621070
31097247
228896395
242410937
310397572
284829315
82797334
34938894
248014529
179368391
145786745
225836057
222128880
187052162
6170673
85332905
278357480
171921084
257796430
103131332
46242054
193698385
198862341
244093370
57447307
7088666
167771030
222932891
162972438
71395929
183297701
104342490
114439842
180152788
244457105
261679274
83042731
308925590
188459957
273951260
224118810
2801139
119702340
212767845
165026150
53525839
131911484
281846690
24601098
94529012
81315082
114993815
301044061
6554253
103866858
201261765
52856961
251487041
152996734
180549329
252979754
92716933
184678401
136699215
6471801
86037801
93758706
322819713
249504987
49129932
13156676
286207206
274520430
304416640
238648591
170101790
319173684
154433083
38843920
55342642
136570552
227006944
91808252
187312678
237829935
20429344
135916429
171975208
322570057
80609993
196569173
66178322
35513011
152029782
322114417
318616764
107231466
260065081
128029404
186043570
257476998
208182731
155603320
194042318
140524921
26674760
212203847
169292000
150295764
91786224
286374289
241588456
190257715
288791411
87460672
259110345
122011453
140266580
168054014
11859865
16314673
322191054
114494209
218506167
20344856
142347633
172365581
69940004
321763900
81725892
167682822
126957638
208929614
217507528
5357183
178595094
32468795
180062873
269127649
173651666
71061988
124843285
216181137
235772424
312283146
290974027
226700935
86787771
64872418
183054321
318479799
95538498
188538822
299002732
315704668
249696106
294905514
92083823
2867921
249575408
128685386
56419145
28248556
176050100
45228332
32309361
241889291
159167086
29011341
304355509
192508850
155451628
106007485
240668576
223350375
108691557
26944826
236566172
97665866
117556391
321021057
88101445
218687759
185067434
23927421
115792031
252103762
115629827
257591240
90285481
211467329
154727640
144981034
182274431
241458325
129846515
119412217
60746309
19882446
154182917
188491322
319191926
246472709
231974343
92215084
320707652
194805926
175224502
107875478
244327420
94844219
167861468
12507104
319663423
252034024
231606111
306686467
105650293
5864165
308774015
216433905
210439742
131597506
309091601
187471366
183785950
44567576
235850320
57926709
271386404
128470189
181411934
265507052
27851783
314743241
233975339
217262774
192878241
317911487
308967490
30678143
233118321
170641086
122645476
158863954
93406881
249795081
139081037
214984825
112806422
136576291
182636561
316022680
299463552
299108121
45752959
2950080
146035050
47965206
266278509
292888346
63810383
81390562
188380549
56385319
137977980
205676018
315509567
36717926
81258919
10755325
314173770
156603765
10985307
98481248
97997430
247946811
104074463
300322079
301054494
85622482
256123767
11277623
77375768
186860738
185393953
263097317
32332041
95168352
287692381
4683616
74616124
143107372
192780454
124762493
214284714
103093483
216920203
208781879
322516768
244029314
222303974
13799451
309624061
286435692
148881840
77406521
188089124
186207543
19240501
152775008
93812132
103993737
202833793
300736118
166985117
291497862
108327923
22879773
107684581
223670440
161865074
172788605
201965421
252639510
19000224
135408250
11240534
236526860
30384318
310193277
283329082
219193528
321283640
60980571
186510919
317878413
213023465
39269747
14531429
201958954
69632882
86533084
116186960
203872317
152668473
165436682
225538179
124056124
143227172
16093063
91896733
188472902
201820870
280664008
293428582
218215454
238452873
81859790
84841990
250705362
296426093
276061008
113141016
250805949
13594407
66729166
16362060
306492763
26741590
139404456
313877763
253504750
37660234
312403717
20745065
99016927
187460113
231879043
274830866
117912787
15475257
209564719
79352018
218546722
78593273
9636529
133151058
226281849
233555015
192032067
217457764
172884933
224792817
203083411
60200542
29079972
285876904
133614635
135769068
252296744
296451077
7491514
211522459
224286664
287241602
40783877
240360303
10591937
11405481
220099528
2547756
218530749
55407286
13351883
257815648
208369413
34563782
48216752
177042882
26958364
158615865
129870262
163520356
56527018
180209915
121655565
228404491
275184440
302660975
308313725
78507918
177012051
98187211
321650884
306833796
172627985
181279697
230365960
67402409
139449435
111765007
222884725
211304808
144670649
170015237
58424518
41935302
280244323
121359194
217892838
125615939
285248452
38868452
42405968
182801693
284504772
280777111
250395836
184339428
68074606
171144076
229349943
207357263
77259748
96148771
74375213
292140507
86347690
272397117
204364195
158616058
246135521
243124113
68053990
84268133
271063476
284420130
141531731
174874672
109027196
88465709
165585398
62575708
118869744
179435686
12381761
256311795
54458845
241801610
9208101
196734451
34134267
181644454
108449024
1322293
23549332
91260934
232142174
111164116
12451399
151502585
111944795
164934815
256304972
48642925
172336223
18519549
104447189
224394751
103253710
134178943
169825354
90755001
31014784
250625622
189085021
15288082
21223845
118747617
103119548
64062521
46364450
231941698
249633651
175223279
223284840
75735215
49352883
169335484
265186615
50621684
318667571
298178071
119470621
165378001
150923800
140638413
20340852
319885465
94759589
91093888
42844899
58152845
103095502
81097440
119438496
230153277
45202259
66484538
218060943
177000121
66623097
294056496
179854391
36620325
196861702
243441115
313955726
290924766
18473553
153267573
206939954
141086416
57183915
68362908
259479201
24540785
131040753
285294262
95546697
127810415
95998989
11284084
310632106
54413422
266475119
40890714
156790393
309923251
44471989
106772560
277526935
267870997
171421434
264670589
254443209
292348254
11418695
258420683
254359412
238133147
305504421
222036516
72214462
76970968
207508846
275304236
274810262
107876131
18278585
78578266
90555647
112125702
210125513
59750171
41874508
68853028
244706161
302735122
90338598
209613324
240084928
111801822
192062676
236659849
170796635
94573276
9199474
59718121
102191381
49614096
209911548
290049199
2161861
240226721
122099863
86194990
279057751
237279701
6358735
160303666
21997788
176486228
299613159
60084864
211125520
59738990
293636539
199949206
62663800
263154873
273318609
318282356
93831807
141439033
48908893
294177242
310782513
156860944
135335722
52050244
180015282
138556182
301612800
285117229
201967472
24867374
135167693
174009179
140794758
16103501
187322356
90896514
25744132
134214518
300166768
310653334
272843218
172992769
16895267
33017418
231800699
49737586
70815274
313016814
58566076
36632969
71691459
43640774
205609966
224722992
180222803
48630176
128205469
256383165
38696339
193752836
42756953
105665259
141320311
118728686
186900215
281268585
164800236
287191810
211176663
108040054
188573215
204844418
107985470
6548122
134616580
253985224
189045533
147149239
263129244
150190023
193772022
65094930
76571174
151771060
233430967
80698754
162555635
166427740
191673406
315866013
166494410
256316872
241378947
321595301
287879839
324610302
312036058
20621455
256541063
248333286
254820258
108577362
139280071
238806236
109660850
20912217
301119832
98726995
59860
234169057
104432849
49740644
241992630
324752847
199995256
178997900
91914604
316695178
137677867
141730481
114735303
202122015
159108495
243892740
171483183
254433788
265400667
180227743
78694688
103211477
260875843
117614915
59210064
288710242
102336867
147039025
82958090
78269892
119558264
23692404
93736123
273075454
116410245
266705746
97190271
240568199
25198727
129860101
224821305
182735824
212763570
109661126
199108067
180385508
314030920
67744746
6980581
184927878
272107506
245108581
179977197
217656916
267011540
323580198
308279685
290061073
58533312
54536565
322267308
85070896
247827829
79308351
305096595
316125424
63817047
236645868
259387864
317654394
17520311
273712136
317854774
293130813
167730569
232923980
77495576
251741107
25175077
2898421
172201428
41666285
319806029
91903643
45366474
18520703
172091569
128586036
126245751
22962164
324194946
238459733
310165619
29983692
219528809
262730739
90373539
107543116
199485129
32884086
2022916
105713787
98158932
43794993
193322338
149113882
5739122
51818059
171581021
306455945
716693
186823207
235721632
277687572
312848167
964718
253714002
97384065
238665980
102107265
117978109
51215887
130575714
156109070
163882173
301330200
38515809
292565606
148529155
34082657
110845140
97578564
262473735
294843394
33018172
301176012
211619743
9207128
189099263
8701013
27307988
70025238
216118305
82546545
104922347
155305206
58088186
320355874
151435128
242715708
234460408
23814817
77370374
151596994
90234803
86520004
250255614
231792648
143797640
267900806
49358814
128388615
60891947
63979929
136919026
276652716
129323402
114331279
246239266
238142301
61387499
300491051
315038773
7493542
307659117
49682135
302043109
310500432
240648538
299400179
300406551
220032789
167875787
256469361
139384271
163266304
15583302
239123901
294159322
141969016
8257601
181333983
307335984
226652300
117331477
307680096
71414183
296880494
218170069
175829154
35008881
262461189
106861284
20686176
224255343
207521570
68064830
219282676
193345068
250757862
72235298
25219562
30312564
153609712
36559170
100197663
66962765
207168406
120691455
296149390
158254669
182124344
185920461
186745470
118727557
195223774
134323146
131708511
116782915
199438135
57095461
319186351
141609228
66928121
285468205
146484120
22278258
168673013
29022564
12815289
293927091
28920347
299830859
108554181
291431634
196962436
144439250
85622255
215864819
36377356
113174597
191207170
89377077
177268025
208690567
238480732
192116132
298845708
99115664
148536743
66677326
171938647
225012205
75039967
125496098
137603505
277090924
103180554
197062831
46929779
153190771
116242780
109241051
56577504
158699095
316134302
108069694
322390930
321077135
202429103
197609965
202367704
107243827
278984925
156183507
297764464
176162597
115172078
297575374
292718545
153702578
42495433
105199191
130789182
1293919
128368353
307937709
212582220
79710790
71810887
230399131
145451708
190839040
270831973
187147854
18780783
194176785
297708425
247221252
101452524
248343912
303871229
160543627
131500962
1371005
44813834
177735839
226730861
112309718
175665846
94640977
139364136
80905368
52284315
17226460
121257316
57444185
211792309
36835444
7627795
245195226
232429632
111749850
149812468
216707971
22670417
251753459
62312953
232702952
50969932
93780328
95542158
191996037
231706763
215063818
142609479
84044385
108607422
4124818
88327803
174788696
264841260
239818121
318000275
138579197
8794529
125774411
26175212
70926206
83224144
407109
39169890
277979019
216792961
296709583
244697713
82283810
139894974
317963391
103726799
244555748
253609673
235856803
83007084
298858523
26337215
140821259
293537361
103608719
207803395
184557675
101819384
268610376
94463510
167598215
265799469
222729598
106506930
253728157
58761435
3330792
146656836
29612083
54639627
148189614
296617185
211510088
223125016
305072782
320614756
49389638
43871021
120200278
171783698
74588795
182742635
319377168
237422942
105130224
297625545
28736918
155484560
234446653
231856593
247174553
274090920
225310155
323809624
41821913
30902891
124813043
269514569
191059770
165708866
173887767
175727885
275947957
96664465
229251559
204826376
104192397
52101814
131638887
214878518
93929847
311571588
282989575
248000077
265913564
58293418
49084094
191932208
89913082
146009897
3950602
274171016
186219667
219042861
195648579
313646307
87183675
283088993
239901856
137484457
86513385
118665129
218782807
109469584
63238241
169540950
256521716
139400976
203787480
221990306
21764730
251238714
66037435
57265380
302214305
179680447
88143044
301105274
211848894
317581771
168470324
282567344
287361416
185897268
81200155
215537072
105713449
89348579
163064262
106975666
86949403
224546840
306081824
3535679
34822312
191931635
83346973
111970163
225326143
37358105
69688739
101280169
246215013
198706010
252232689
132259120
106150847
105450895
157169291
231391176
78541276
85860034
257330075
288436123
111709184
50405453
238431794
235579220
200775557
189861934
223963920
27418729
315220535
201435230
45145990
82342135
159023836
208769806
144097113
109468121
255713488
324445310
164936983
305365600
147069126
317652326
30146245
217529953
65030294
203261407
119535423
69364098
48984412
152747609
161294472
127022785
2523777
254586861
13242083
199469626
199809272
316554655
22088778
299197600
180112122
307756315
125511416
165258311
240874876
293671036
302005427
216246125
141589617
212426901
248208321
207662539
249947860
12718646
150788672
273741823
294591723
302484216
99495847
292435368
139067603
39519776
139326118
81740760
261294827
231009341
82660285
11234551
176738320
203864851
216726699
35933685
293295974
7147350
88274031
32151625
14225367
268464337
189073158
264986388
187231424
263780319
123033051
103599440
21318397
3757604
90939776
93529736
155456782
262731789
64582189
21035817
43259405
300162530
252466635
15903050
85660292
141261777
30443159
222011302
114657433
250063707
45231627
286123540
226530580
96409090
166223980
289034814
215601659
44761124
308118925
22679109
321293993
162401164
211473184
209391375
243990096
213471245
98675716
215999556
86713094
264829936
183590415
10023940
97069924
281136208
251069703
258438119
308426297
66571657
262728357
57652256
145094871
41173120
35144698
209324009
43996865
97558420
175623943
166252277
10659488
199141877
313032828
2463294
137963229
148184997
82428792
323786337
192970857
33285112
243955491
41941604
136284812
169354391
21096097
209595528
268582488
132714675
302203069
25271194
19701916
211908773
257409747
3158906
248843575
97472502
149964718
135231090
34551737
127901996
247782385
6042943
195412924
190134584
307676183
224940393
207490319
324341234
111713266
53625491
228414022
57204346
97734858
128765794
266713172
80102086
27288846
9933533
57701896
263868448
5531142
37510440
36086798
260901529
260227806
261723953
225049949
81510111
14005552
179820377
238367832
295651037
48444692
140127024
41128933
9779942
215303206
73462696
198937329
283281714
7462916
44029703
168928297
68661287
41086377
267226313
209420926
90762214
261072618
59795090
140250962
65994891
65332131
301921399
83079609
74396817
61631033
104922120
53036381
152608782
158567080
57548382
122105455
128944007
253708496
221815199
113713330
13157958
126289675
143401640
291568676
23844922
128898408
261184584
133205326
305936227
127526091
74756485
201750754
19605646
219482994
138471487
157824759
41878735
269560447
213387044
19989429
151226403
243777338
1241343
144987513
77071381
235165884
277293330
117337388
101078665
98791087
260035506
162086849
284539126
149915142
48615224
301711108
10778759
242037058
281299288
276358153
3964479
197805355
212232226
51403991
46849097
224822525
209004169
206247166
109221709
108489635
123073853
209925656
54210909
296437116
17058999
261816626
178276473
277588904
185081890
71817890
219668163
139350886
212795593
42041273
223339435
290555230
218264797
290220649
112904678
124921471
219219977
74646536
178747381
60954525
31842526
173811354
97100634
17618054
178216892
125032391
234970915
300229810
305647190
293920583
4550954
282982145
65584422
134084479
205570400
83819035
253864237
95039260
44949733
132871553
16895840
5106216
249299583
147323320
301582225
118200624
303090569
210332087
194854708
41812298
265892644
178852991
83742822
169485053
20721172
195311065
228861651
19030331
69531197
63204890
252110315
144514884
224936344
139053965
163482647
247027716
17019242
167760988
224928464
26351639
78265010
181073433
294926604
222385152
36438533
66482019
204420563
296593400
209780045
73267154
178908307
314193844
233975672
230738236
77096060
222967919
95180076
53935066
303542371
108007232
59086394
120097297
235670615
291832499
272592686
307443062
14808550
133051425
66769310
222728323
217870631
208188111
189380274
63146717
158985955
293791947
69679209
275368249
121630367
196929847
307783304
319715836
109591288
311434758
181647250
315340091
310724278
201658276
123544799
182468941
57727311
114786437
263457531
216470284
213636456
212652373
62540136
201863246
176861222
264992379
140641312
135068272
124953261
314849152
163310745
216085262
215145474
185365034
200683878
129342416
120310667
255726355
203398035
174668632
94541014
212925303
56444043
313368329
6903983
144228600
294760699
112357752
199995046
47457692
176208852
119981006
84683145
29193278
8184114
259690784
270826224
309527579
148539597
10916780
321111208
310263401
116391746
311973929
193247312
323569640
306332960
310189608
78438907
125286397
197031709
202128643
281525646
258427137
187985853
70089311
269038184
88907994
148178026
145523827
284378527
287145053
47782863
266289876
182916099
17370339
226192513
36837927
118850272
116299531
76896770
242236294
164921995
268262226
256999586
85255853
176682766
106814363
231731529
166169709
147664846
168064965
58506032
160889215
103074232
223490312
75325937
182740826
308743926
161741235
251916387
3410920
228103561
307182130
318005112
313727352
136171483
173756223
156877247
138083275
248271838
40165992
225502091
247982682
216235825
64465309
11035915
278226593
175186183
271394877
75908981
291786853
39711874
33221721
77700709
308705815
127213990
84970678
123015274
21770380
125636322
44728385
61454274
308898726
311660992
22984855
52249208
232772689
316031900
304833535
221968619
157007705
102176352
320127276
36448159
105764789
73977225
172599848
197331024
78661429
221387937
315463359
93500872
158058747
102215352
288997083
257885760
163104184
41113759
73342977
299407882
276500885
321370105
187072456
190118054
136127503
295232161
178937696
199923489
40625355
109458292
31513014
119837011
29946384
265450699
199840474
104169576
36446052
131539372
125375849
118227659
31269122
295829052
214349317
90876463
62943258
155584355
227052564
15148510
161171292
52456362
253190546
239424840
189169342
134714933
319288496
98250860
46444348
260339483
195203990
20050860
27711808
147264641
44882302
54995946
147636648
294398317
38664995
281256077
37062161
147747143
210147946
312337074
143299291
17288602
189648227
118124239
753988
35674709
288153898
30936383
28103342
320012563
115325608
289581821
194040464
142699073
65970262
244339577
168571825
315337097
168282086
68510439
266286582
56769619
162274538
102035574
272010979
14681531
131683506
163635655
168594097
110123843
97792094
25414373
50873194
140772658
33808474
269016182
277797931
142844484
22779608
168316082
130719651
159742256
202592951
89118572
77868806
273649502
151705069
159377525
114246771
177638719
189468309
57824369
184961256
315544840
111520980
211395244
80154999
126602807
252647322
95457737
66646216
162535840
301025068
5788271
48916975
156941299
31067594
321078360
3111217
190759775
243235033
167224354
12509953
89055728
155586201
188526039
176736040
186514192
130825862
230506667
218663809
6389666
26732477
316042500
106677591
247135569
217102957
3445128
162056728
39330505
124875506
143668574
74287028
289734337
142222459
211339964
306653038
5021214
257489185
205399311
275067299
137967409
37352525
192721365
270231473
102171515
27500174
239123933
24798957
269945019
165085791
129393118
261940489
274485244
28038413
302255255
279968048
76595312
147699673
305381893
235982064
129168943
25342782
214977009
168662199
23689846
207551319
28857869
20690233
98111127
171004547
242707713
243106584
93924501
265639273
125636042
22821698
92621821
36500665
178847394
10716223
138289833
64511440
12794977
118669741
3000265
72178551
148774134
180512321
302531366
315786516
243021762
72041801
58984977
202225158
68413909
231504931
283605564
190926903
230317609
240423334
288513313
15776954
9511450
132489010
149680756
61501261
303441437
119491159
202726320
139173600
95874745
286942878
261953818
185729292
248099043
126428300
56132687
186318550
94026367
216595960
259852505
289056507
298858912
317156554
185732849
227030416
253026092
138206197
67771568
220692124
320334897
49058728
248665392
313337648
230952825
302592556
154555984
203246834
179716650
320962524
196609015
27558506
287025380
133410213
123692570
249144570
123844704
142367055
8818686
152487354
200748715
67271430
81518375
33713348
102934331
76498535
88535444
295501451
265815949
59034608
72350330
143375901
111415932
12148330
231283008
95736819
76557513
276292268
29755294
166738742
123745722
291417177
304453262
265913652
103464312
116137500
318096342
30681494
32974369
229593917
70316590
92834751
19164161
54259016
15632732
71794421
144281271
15255637
264626006
219678892
6775707
122939374
18256618
321966664
134035065
33879471
281757429
59210868
263837473
38805110
9012310
302090868
191912383
118290761
76193813
145603349
86680626
137889595
14269017
200100420
182221821
138360940
114451184
181285667
69851943
319067923
165732858
47235599
12960906
61873571
209639572
299765808
302569384
237509423
267208497
142040584
167875631
202249702
187174015
73569798
106399236
290167152
123821677
300323235
93499429
299658797
100132065
45299280
226941447
28834959
238675486
32613817
153826002
71939381
34026455
207602291
230977225
26307420
217485051
81525361
151454408
313748036
294519447
72202398
16624856
305645251
123406441
47648950
280180060
247078534
142404670
155191267
51923304
70330861
112056494
125406493
311186707
271494995
166780828
120168175
217037841
280442243
91963925
319129844
178893053
279567534
165902875
94440600
300660362
94770693
75722023
92311454
181660647
179162492
169800606
241266710
13525132
155530390
251077297
261162954
244063813
113215836
46766794
88914489
293987576
210922735
249660151
172127006
5173141
227477702
36495565
75803047
271349443
227827749
83672763
33806665
138818120
177396223
64291885
50553677
310725892
190221202
284458394
67670102
198694259
12438820
47584711
16831039
142988344
269940890
253614630
271328321
273942018
198451991
82719466
310081398
216734436
41394641
62677178
210571034
179722036
150009549
171271276
263301347
191215479
139797620
229398542
214807947
73694410
120557051
152094717
261387274
121718703
124237840
109217129
108183768
132508110
68568678
273788429
167407325
2330181
135156565
249996264
263096261
291585153
105766756
87702292
89747650
32370498
265593649
315683674
248244994
128189391
103641640
302609513
270154467
42462377
13910993
267028660
74739510
39511227
315014520
247966825
143111864
212502878
62031389
70308364
156755454
184529754
268266973
191036649
254108847
94713065
249836567
207380334
231919172
11518466
182440122
112239843
132355565
287453386
268237707
56635598
280311630
111458546
17482304
320551085
55082323
4782771
23303438
55247325
80411051
66178053
316126571
292220889
16778280
118177202
317411315
138122810
46753126
272909587
269136647
48903732
4798942
132786215
300215223
117411699
159542233
110758770
213475636
301788451
301822598
168978278
130216389
36602246
98519915
6243942
225063813
242475704
2197359
269836665
31154354
226212369
212869873
40019150
67665310
144978425
38805625
209828498
246713607
292206039
236070241
94744659
158761143
260243779
84473574
299481767
74393985
174112807
178021094
170538993
174980158
249660141
126037203
260052559
281211628
3512296
68050118
204144923
160598291
56176431
46337921
84154351
302483160
294079364
89030522
209706967
259947056
294189568
200501843
234405117
99025144
189928724
301302322
96335619
225893983
158090007
237976448
232282269
288294845
74529221
