147050018
206028086
71407361
161453722
198585516
322307800
218392758
97903416
299342920
270511309
245527294
123816444
195965244
94389464
136624828
184249636
266638918
64436895
117348883
50266678
160024191
58392264
114600889
283679000
11524954
256189552
48504518
85877433
296703782
24467038
285608849
6972436
215218457
95722195
82778984
265800117
223254853
84645683
215614316
37441021
311461375
49302477
243286579
160524476
87111343
244135980
43972635
245454129
168236128
81801969
102818638
56831393
33652961
302294599
188159321
52065780
159094564
254959075
156116256
44350230
159925425
87346835
17843108
101677180
13960428
18707497
64546955
165953858
255032619
57242235
314224696
10264448
89516678
235673736
224280995
232903408
252366160
159186225
161498858
130892876
295321849
184598715
239799031
222617741
135374529
167544606
10926771
286407275
179501813
270285024
97531697
247922045
85627121
92983104
196867958
141615806
198374177
89626081
237906552
178204773
293927123
155656846
313927205
203041365
54030077
41620854
103428487
249990464
193852864
70879263
259430625
152160870
100201606
201079006
58420908
112530554
65373055
129023431
67285388
209226346
153468739
301448962
219521603
280721675
77817776
196543333
203088424
157738086
119260444
190675039
207396245
114331721
39333048
119208574
150547548
34316342
237689888
256882807
225806684
115140637
91340938
299936845
264036364
25037518
62337027
266087392
262493203
243164156
38288907
84184017
91881955
180180221
257696740
175116387
179340248
129526608
215045340
140676280
17037565
113616798
210326185
199867452
89429196
120480907
321275967
135384111
85687993
266398506
202318356
127947135
60918709
286725327
274215737
253267986
289263864
310533297
158649886
268509133
6631224
43781081
90544421
313525723
300785336
105494753
176807791
10130046
65090615
200678475
313995457
104455472
10527992
288864760
42209570
123079601
260497390
17641605
207198280
66897526
6485008
252027413
178688198
314877525
93162024
65982626
238433783
144569425
59237958
262425823
188514912
39147933
236976766
275508395
112345739
22780888
111569322
69147221
125740440
230378557
183904127
132118361
125317641
131634951
217610002
241092348
131382345
187540300
297682213
293843370
95893922
37375417
247725879
188747829
209576984
175613708
151001912
297009286
151362466
312806147
306944175
285502926
221847358
285854222
184959816
95574805
225107354
272381970
157978731
189134478
206117902
131676240
255389282
209587406
153291459
239507922
38492841
201240615
195207682
233124689
206134018
225887401
59322817
55977582
22009584
105937332
19323224
237684323
222514599
91368462
87548868
98016311
270884411
122256614
193034188
164067454
80605165
24663980
279431608
60466820
323611402
26041457
92591876
244212104
239705090
129714471
121427861
24665025
84416867
162518463
188451964
264507870
175886661
26288750
175269956
238721279
277754454
257339745
90329258
248563231
143059047
278837132
310798386
52718574
265808115
195113431
82521156
253195607
262358540
284441676
182958148
127744026
18760583
87827404
17058835
289676898
295960348
104038977
293200694
90520780
245405081
157487965
66985707
182790003
211577473
233614512
320958424
190573575
139926385
129101389
161687728
171007288
58872620
322494157
149360867
150310763
220015942
195864736
133495864
180577689
105714809
2124281
238387691
237995022
36412649
286880932
250380997
242716452
282004243
253006430
67278000
187394958
152449540
278717915
18939035
126127986
43359276
257236336
117565280
19636322
241709325
185323066
72380130
89173207
311790866
227856097
178282212
50701957
202393229
27824115
15270955
36323361
218435542
176554172
113965079
206810168
207373671
73292756
316284227
288139066
47426856
201524971
205603696
60978200
122133360
100153580
206836408
45085601
324265451
183378231
78347120
275406523
20606441
296098956
32900834
44822113
126415452
185400093
181339454
187903649
186813973
163910508
157866581
207062159
195993784
133785147
68801520
185189767
230825518
21088868
154718983
317724160
66855652
102052649
89762614
235154216
87437285
158112407
186176636
116203301
133298213
184464797
256203654
102297059
283308125
221837505
119802018
233004118
60860664
297334533
8194015
209340630
11239043
126360530
216821161
14911322
141843663
7713787
275009170
175477398
163793630
233238778
120608105
303205237
299861702
198500001
177825519
165006166
101934339
50582415
249718945
286014475
313878578
253288241
153626734
306308547
209094909
187567630
101794870
15375051
259503105
163823145
289286932
194645214
55603737
44415791
224747362
111650529
276066951
294615597
144671472
136752215
87318226
114293852
53149630
193435896
34173392
212548281
159474297
259121807
58963335
204036236
93843230
272212923
179155561
174528288
207665051
192385313
211133375
166249171
142703153
323671335
249306253
66816337
225156541
296716160
126937920
164172559
271728419
32395445
281466027
282798685
271465452
70169622
58319990
197162137
86537618
223255929
29706735
283205969
311745314
240219112
177007210
29169179
53073053
274046691
27064966
288338373
37286040
96360162
171987863
121267146
273500479
25607630
127243661
216364047
198179997
116458262
264787587
193310131
93011808
152858154
162109902
68525297
149562919
207681678
193773028
294761867
36869704
264569838
5728500
19846213
212599804
207212348
145955964
236961124
193854500
220793396
243861367
53054471
217138114
140557422
76843426
216921884
20244228
101380664
4065304
278277232
248714680
209774495
128630784
52789352
242396200
255361012
229991802
183812276
311903281
120089511
13994231
76398560
283811696
172311121
232275837
30698072
125568163
250798267
320237350
82075917
291119068
283114871
205928736
120938868
304919932
17205861
172904091
130319202
148511807
298392738
317078236
108601320
18675887
256849810
283622616
24443840
253746500
71855510
196460436
275118513
112127848
104656798
175230229
236291743
81747192
61265145
173781280
83193073
35333574
156603556
136449428
105343795
68922615
192999526
166984437
17182534
276103468
113351365
317019823
202963826
276452757
227623892
84761265
80013698
297486948
3229364
233126662
319835582
258687374
86352524
78304358
68072274
324523570
37622642
159707589
31902667
52751440
196320169
143062392
156102803
32805168
99034655
91344345
121169298
160099195
282074417
165393368
138351417
186202853
299312326
258299458
128626188
236227466
32399406
309480233
229557581
290159104
18832353
162213977
181151199
249553646
143286709
140441801
183012088
162840514
225413416
193375604
317379794
193648355
188389372
109993973
227110210
166735152
171820955
96261169
324126870
159477993
167019
290951039
238516733
258408039
53114360
180321060
82966901
242851363
190700046
116142831
316553676
167608644
298317113
76657864
123557423
311620024
250182482
47873408
52176402
180356878
132548377
95306815
262532129
243630193
2781485
12926417
123229829
8728763
5897572
157483732
185888616
203569359
269293786
106476671
52767170
294381390
217164850
169508760
61318567
12170719
239851547
8286140
248462734
190011528
33412620
70397934
133422693
42900803
222885971
93078621
198850813
164148254
181052190
228982212
24057321
139400946
280182351
158229593
234374066
267916455
305470693
273186596
79246536
219806923
32196753
56641519
319809836
310819086
96437756
80493029
156618841
158565786
166913718
215852530
224739210
208817055
223581598
148496268
127910057
235432309
109938847
194013205
123527871
196811321
201258561
249541578
123496340
52295335
170140871
178268865
123373623
283547428
113178307
111572560
272643977
282689802
131233057
257922405
209587531
225595094
57991632
66604945
17185692
287877714
275243276
87519579
19281640
208786607
167121924
171350562
112288243
137807083
140884380
212045843
70154976
78649312
174253161
128771480
15056281
134784170
322010255
258888743
134810675
47904335
298985078
86593367
34023342
149438984
292400030
107569972
151016706
324531226
110906081
108695130
244546605
80993317
302629836
200519297
86319625
116382837
315734827
105981197
30138422
319074205
190116830
179187573
258891055
112645789
5967370
308967932
51896960
110126951
324944267
96480905
289413199
252609286
265819595
237529923
251823822
189920466
76217008
118311545
185859521
224021829
21409314
21810589
296558130
290300832
319504474
199806344
268354423
96530366
64863528
250021548
29811728
130546322
279546920
55329958
65843357
136201313
19194276
223320475
217995426
151673402
114632175
248468
224461249
167086961
196205038
127415595
228144148
26679715
18922517
296906902
259128944
226380220
28127199
128835619
74784621
43671395
222669339
111880471
90034588
22581657
108460306
57834178
289687982
191876820
235530047
215053110
73696778
936535
241367706
54127127
235574913
41521304
297924224
295153794
125451863
97488627
216765424
287502761
229469799
274685865
201784750
48398766
280621606
239464281
230169982
316434518
285452876
243454497
189606846
93763592
135537558
294330116
236446476
61970946
275329831
205407453
260672501
310196421
224715065
150800998
118421134
313031435
277760525
78394146
114495549
213669188
294831182
202109140
283828
243576356
131060438
123774958
271953513
125522934
153112260
1257815
202357514
273758525
25189395
248867929
107683449
304347835
139190294
253339326
203205718
188919483
94322344
14088658
117453355
286915901
122715661
205643762
179706118
44287820
196106386
101560384
82575259
318773440
296154679
185124287
32647861
250703863
7203645
185904674
14661453
133861174
139422526
76575007
196134075
172673850
90895095
88664073
216832122
221050466
93259403
298942059
291027222
321435378
39237585
259133437
97075745
271327044
11160437
47126871
132660948
64229500
462513
58186726
71031159
222623495
7697622
52007111
107836205
135240381
41360675
147965140
285793007
105785571
283556576
57945034
228852490
197833902
72202369
291438657
157291757
287918022
33993698
43185495
247944401
220065146
146105053
245216667
178747424
12752508
47254527
183943786
242046471
183790819
139213726
23805713
12534349
163882196
8515476
15258478
78528591
207932711
70251197
60598482
153228590
24222444
267276645
321239581
241251005
321719719
153650826
64150440
226364629
278609596
234687454
267296503
50142378
17599891
224063771
230712897
198441244
229547090
86990077
280825670
276133888
86742278
287358315
268880743
225216035
304417384
21046644
8414394
159668422
214257742
283411683
113165971
39431129
116905367
295617022
293477565
309325328
185012904
114957121
113479817
135788111
117595579
58004
92016674
232795263
130237444
286654245
161471078
168385765
179514704
6993686
236879714
25406183
275436272
101205753
323364040
301848524
107117238
292347082
128367574
162153383
60745373
188827956
166759316
55168378
49821505
258452172
288227280
269530340
39029092
232747115
11398922
136256099
266399261
100715782
126127234
163616361
75391536
284387859
45208304
1145770
121332062
86131603
308109565
220706106
61857850
43132404
200733844
173293557
207677203
13467289
181620516
94159945
81610753
324427732
65986204
224018166
304091842
266081795
66976749
277643546
261502580
234686725
31215478
296464269
297698686
126049252
159364240
73548509
48849941
323568035
104504142
203447186
203334394
92776494
256279133
103687977
187744700
308601349
127171238
290855489
139972533
55537051
80232929
259624007
267539615
73112332
67293775
65707253
188040243
216561442
283654752
276726879
10010711
73864902
148841055
281064451
308379985
143139212
175157481
252185720
240076838
89765217
27478880
31127946
180107317
62023361
201516439
246116713
207718600
99442322
151774530
127749804
81916500
98703571
247152401
73845275
212350749
109285853
311725220
183778971
234766355
307327099
246395464
233626478
211923191
149032378
223924094
116037715
222630189
213871387
68782849
15503841
137111472
250107507
160006942
272699454
8466238
311049008
173500022
258647551
123287542
114852921
38268492
90484405
284847177
258220149
163619422
266473596
151777393
83730396
51881900
40160014
72337009
104978203
279450959
156392497
227727204
301398246
140864874
109734902
83026678
200634665
19805120
302781926
307111956
43683783
299258598
194779608
295271181
293745641
23555807
258136484
231892316
211975189
188360364
130799980
122524658
257772549
270409819
296334730
287194557
222228837
36048743
72681462
158083127
73475008
205824147
174069767
69110354
97272104
227775254
309356604
310873722
121302630
141709396
36324975
239936661
283161588
137816434
316985345
159055801
22695516
291094851
56287676
296330153
150601169
80079234
252171618
146962807
97699340
250326834
233138292
206587112
98997254
296236332
221123167
111714210
178046190
275712247
52105781
278636622
179585136
41859584
205390325
213820456
278379882
113582243
215451562
158105338
284555689
204064883
273460404
263631531
186387783
19681869
202577809
251862588
142017464
307459044
209219863
125608066
213352225
219639106
2199887
288006829
253819731
48876154
298374122
3532040
324961454
130797020
271229558
246010287
221750862
137824303
37261080
3155846
148631953
143236486
154765749
2623091
286899116
314736416
63211808
70127529
74680906
233623001
218170739
123742225
20902403
84780130
250890277
16233848
9495920
212000129
271443019
242802125
81541919
100715055
13321754
135551772
307720235
29830161
15483741
31393846
212067325
197702839
319756805
201648860
46988906
121394588
120884636
121914492
6312435
233325795
78742051
179388547
300948541
269275224
239035033
22544100
230639518
234379913
159675325
52561802
160036002
166229725
66503627
257607833
212559213
317573674
7254190
239287530
115054309
274078278
291375760
153251809
35098136
48136276
30219262
270207525
82187517
207058105
139571724
229305514
78925225
148779329
287137941
187116930
185998060
26975960
289387472
255490700
187053043
104473395
35268578
236032927
135817841
15606368
287090155
205896175
18693756
292863346
56498560
171327023
190798010
163598751
36015340
219460031
222193455
274756790
178929376
213384972
106575675
205123556
52580338
281759351
102686340
74764572
67065034
293100346
248735845
36812889
237393009
52877696
173957946
28766768
286647981
305052568
135118491
187729267
316156358
191420392
97084999
180884033
227250059
290158730
259231842
80056401
215162828
236768952
34339063
93110631
51488576
308189586
21628901
11603865
152119207
296551944
225848228
94017106
202038048
73343358
308880432
167797380
24087466
132024848
321536957
321373577
26306479
206515168
87353654
108007029
156777625
89637670
313943469
186713891
295838470
8079727
21033623
2443612
270952302
67250428
10394595
288919720
124089350
32893576
23311241
192509973
183112444
50334676
279711670
208429388
64123989
72358649
112948820
50674055
129167312
216164214
137059769
306598154
11967934
138219476
69209055
154260132
280324467
245686976
230538347
204724017
264002529
271724848
22463623
102844199
42999727
146929903
144115558
130418400
240369597
68763480
71891584
28743842
295092486
157470341
46537247
249091698
132383962
41210351
284790701
244521625
243721665
136015503
268000421
285258380
22048107
83985222
178417909
129190103
190030771
138757685
253605766
147117608
231945047
81725788
77679000
60190664
241254961
203312781
117514911
27814972
103213388
311773749
275713997
118339412
181013653
189161509
195368380
235973209
323639607
32874670
192323413
182201077
140762935
48813494
87730399
248270072
162376595
37545906
12182977
41529524
130928765
234810119
143776647
92334463
51213141
156361823
137551694
148813039
303796686
232863593
110706679
87407960
316430514
132667710
62851317
3525108
196433374
285522438
152389825
170773524
258648938
112902728
259934682
186099865
209698062
285471486
154446627
275914750
200920814
45181674
163225311
263566844
26476290
292629126
40214611
261240863
300283661
100743266
52716896
171292773
46554150
72058236
25620739
46072610
75996088
16144144
146079847
24834968
277236529
230412686
306680411
134029892
37646517
223693118
42223254
256146373
69625057
169609344
277664398
45937366
233345447
206964481
104984773
35502216
125174122
272123723
322284438
70055382
172543940
9890979
81568211
280611857
213386173
130321431
206489762
270809498
11790974
23330160
13413376
22422988
41406021
240816926
38154990
224553214
90583329
178900879
165942346
104471523
190865133
83294719
270981236
227671992
242573380
180054014
315445409
11840974
199134697
132706655
83340119
72118434
54581156
66336618
219016307
196503131
36678146
57593661
129777085
290350897
197714504
173616245
133451442
153570608
313454605
190345122
183114268
283788803
156737884
6531327
120138041
73128101
117903245
290771918
201504210
88812286
88988896
261247733
131048198
303517483
11949159
40419753
42628637
224459035
190757254
74102052
234979278
241318145
268683824
253391114
49342975
150678683
308025913
208631723
25300807
218667824
163926305
151224983
125121380
68086008
222165779
155730897
1692380
245440327
262397553
238594952
265951284
277508124
123288953
110405385
174277128
311068370
324966455
174638313
285869983
108549538
229693242
86114237
197191972
54892917
89808790
96728616
102704777
42680900
184889971
109603624
53370918
203102258
247415544
68911392
171223705
253985450
279461721
224022105
225725254
115366183
268390552
175482590
47179761
108789141
261737893
224381507
151175848
110982221
216864289
130348004
164890740
112382969
37779699
250827542
213527840
12038575
301753177
2566914
215220933
21564530
232466628
182083759
229444542
154940522
180960434
145210705
20573428
22504781
268184383
195098701
316089774
103602014
167778300
278216280
38912451
8840406
255839802
3428486
57935768
208615943
17681955
175668612
58384362
303764354
2100633
57881447
89164555
56584330
155751500
153777521
210429728
38757407
250614441
144621870
71535229
141231637
304118602
318759135
285711793
275318449
143550809
110457181
78743714
304464943
271859075
310372708
125698897
173876013
161378025
6761092
237147329
119807135
197662619
88515458
225119822
88473119
4872116
190781944
121422213
7419426
240787681
23333682
158424490
195759164
253950362
247780438
77254178
207829605
255465883
43219115
312182907
78629836
316776243
198345882
220512722
43313079
262038471
130903250
120538328
85479119
93016599
111019362
119658390
125013116
105082083
81034737
23537777
182133762
8157082
137078187
115232935
218683295
43421390
29054944
149417407
224806277
275643208
33257487
81814178
291403734
100167059
217804215
17516511
28984689
186051099
317228830
251548479
109671408
267173045
303173286
31623225
45057555
140489522
116435494
11754153
63893660
240591315
224393212
267468545
88882066
13386604
285460446
138729095
94989815
307386242
18147820
216815376
31078104
225558459
209991584
212170507
64391862
126103305
62046963
237607101
260047183
317459668
306521104
126053729
78041983
240002975
237127722
283893260
91044772
193596509
53352950
177881122
314120894
90117013
301859607
55274119
220587
320321467
39346352
280489026
55055897
251096859
268861343
295839360
229387894
239006004
40863595
246800799
216116972
201144750
172938609
30277038
172011411
112176073
221596549
115612229
238854107
296975051
2610270
150861922
107784272
118610578
197129249
20362249
32778724
170928269
285113699
140868822
126617556
99766245
102485446
8899162
129185423
114373074
220648779
152892424
222776510
263583956
216752674
165591519
125069858
127300906
9466828
123848790
68899489
262490268
170164060
271594613
160744071
197668936
126728496
232050919
198654616
226878097
63767602
202331663
200305724
272932258
142174608
316237769
2926838
280033044
316025167
244422250
97228780
237778326
42598401
168364067
277205053
66870111
147121128
309138857
93114125
228954301
199235347
103665736
91388078
38865202
269500419
237131247
2581644
284476474
254070042
47752
138558723
248102877
81580227
218477341
197059178
191925507
258059904
295197734
270599765
211113059
195791999
166962067
321736302
305705457
37582322
216256228
10904838
217295020
80081236
262214948
266572934
25857956
193073923
207339231
194333939
273524701
110802610
210071577
208718381
62991251
133320394
166451397
248524216
190081477
246375353
249987998
135068769
212751447
64336290
118303519
181416594
157936214
255327036
133287166
298899508
247596729
10746943
125498813
234486067
50519128
284358749
20060506
167043652
190235790
160348253
147907454
110027962
96979148
242777045
136073209
282086135
193824900
71943851
188841781
4388416
323666660
300116955
84575821
16499343
126230342
163287757
107732149
148861392
221176103
71952695
174894319
291270760
230447402
275966544
72213105
93927820
321694374
82078829
129996586
38678112
218576106
184415234
108687014
282247711
79348992
168618014
266687144
47352192
152274597
305334813
281031457
212426156
33651798
144195493
51862736
241490276
211699896
87983999
255662363
144441522
255682854
209693288
166142726
160091776
261083926
239044543
40191682
274064555
296324052
229950715
160136849
153537537
38278356
240649979
243133154
195773800
287052068
181272015
311013838
2893962
186710038
245173781
242133447
268247088
286452221
20300984
69185846
106968713
140986873
88769245
113923815
56236207
217924977
104403141
272527098
288903584
271956265
115186258
78762906
260462704
298364932
58103149
84358212
134148492
193879363
237792436
306917633
232475744
126178456
38348959
286275626
296327126
18767262
79141178
278182948
67693344
68163406
288899724
95803701
143623486
173277922
16954881
26165270
208835774
285693363
16145184
295840134
28283459
169711267
131871451
77999311
134752456
258294440
37818218
313902893
29476340
86816663
293823552
131920267
29599412
52669563
126437605
11339377
82727908
102748323
131220898
317138002
221019234
50556881
200646748
244510804
172110198
318140941
42695055
227206362
145808968
80528885
226489997
117824329
245898557
273569691
110009319
154158614
248829633
147129057
14690723
3058830
63443097
25023421
150793778
243758220
49234454
234074557
316792486
77887018
257098184
286801187
171846274
245291590
28434357
11485815
180500036
243577999
113604605
46287965
97234132
178736986
213012444
270008333
207508707
180851629
163749867
32246916
212723391
324439084
305895378
81674071
10949329
101895912
314296981
185512588
196409820
269412070
132472628
310905410
11016634
239077224
92617053
270586459
2273945
185281654
309652481
211813651
141423284
216455744
272628407
295610137
174171415
196314203
277929186
126191646
320136143
279093614
235189845
277225888
259029891
49638571
77912939
6200881
294951608
9086508
251177580
291487365
211493271
213905223
245969380
142113035
291395290
101061772
286159143
283721421
133506958
247058274
58015590
198478834
20583424
263689541
261217667
133567166
276919986
77630370
32986331
76943377
304478929
217195782
96425650
293050589
8054355
242031525
290688839
277933326
55445432
242298535
274480539
271301568
300105805
152545064
171712202
220008970
144217378
195273826
993029
116106143
88572623
299224155
16524884
225625565
164864289
64978812
51956159
307339417
297306961
204717467
139099509
191042872
229348298
61094876
141515163
232447573
223445157
1790063
101822751
67425644
260245978
79025581
119516163
258997277
91870264
215296322
229825598
117933446
46162283
232085819
133382428
185426527
50800459
81984108
234361524
222759750
238966485
181916935
63032431
2290803
88116019
288891728
251144346
118031996
107603600
82186748
296629439
75543706
289130941
3223534
215471281
198087414
131707546
54038952
220713218
8304827
46656864
253987387
144109493
210707994
103202160
295465737
277624760
206640359
315630858
133362293
116523386
106812545
160610445
84470624
46441805
188168491
274038714
317340095
153970649
215153414
245152365
109718928
281290024
226350250
320695450
75690822
227755820
318008711
202962206
26693177
18587075
158272383
175668556
111471644
199959493
266236798
222457132
1142004
118548726
112646666
229270133
47246631
259593603
228071210
139635158
167727937
257923678
119803540
296827248
35757446
131231118
274717428
38134579
243772619
142276364
259445763
16101719
125904067
150204188
321961031
213617292
118571922
45555724
70173508
13439680
232590993
36242967
148669068
8421676
73352635
101873757
142643770
172904771
78390105
123002227
203197686
192214088
113207073
106072171
272620412
187555236
247432537
191595240
188585999
58932346
136659761
12536552
111774231
222293532
307296053
74473294
283012256
16378807
82562420
296399213
15296622
6191547
284915506
126172052
244951051
110934081
319191085
210793580
292468914
149698548
82934896
128283446
133019418
118839175
313329962
246161020
129361345
290756537
194656510
270867989
54704234
208296831
210347682
154723180
53208370
297301399
129001474
148223412
72049079
308745751
273336510
201109451
258443951
17162261
170465782
265561297
105950645
86674059
278434656
19997927
227828502
13739702
119828725
214497722
22326772
54218313
105063846
255085036
320647992
192570616
130099920
224270206
46989130
309064347
11297292
90298000
141885079
264082804
299464073
280653512
119168168
58062817
240225491
169988500
243093518
126827004
11000098
26107880
264493670
306858142
67897602
291610147
26117139
310463154
17254669
324595641
303046278
308549839
104618595
178804880
125802516
70632634
272211223
133137436
303724343
175494447
240028614
26645083
273232877
261780139
101913436
17338558
65283434
150698668
221978541
260891240
117625294
310614885
273153903
148265663
85833460
158625858
273016049
277107587
40864193
79873385
237598042
185240918
129035102
23190788
214909707
322659174
21898168
286549920
76050334
271393401
249429931
120687690
165338031
37498569
238309193
36218694
82558807
158228575
94959288
279459289
188389077
45377950
269535559
257030237
246366863
182918869
190360612
296356180
134348645
94073035
86016037
261583998
274931274
179760715
145954510
268864287
316823424
191670487
5499424
18325212
183952225
239163074
174053615
315093861
208587478
105888181
101225032
322587030
144815656
71588388
264302180
12066354
43502260
51564118
102622942
102537726
132344502
166400230
289732506
56673717
278019109
89032779
278819660
238517827
84449235
130119711
52477814
162779307
33867836
214362231
92710105
196208028
103163964
95780228
50916987
82941928
34996899
261415865
184279592
94054160
28016652
147977212
165896901
283809243
94512701
121438396
88502724
219720897
84979287
52433982
241999054
174843450
89793264
125136555
136650178
324584034
175811338
34829305
286116365
216454544
49411854
114445700
321801358
258930289
16248652
193030926
288818266
76829833
68724517
226359612
240913495
285981223
175487017
185601906
310205035
308922942
246923936
169302553
294686774
144651847
263435934
42343778
139423789
259757047
268127976
96275526
24543958
197283604
289685040
94522142
306426027
204603864
308776475
312801978
110752219
70091364
190503606
167960827
117755942
140821661
63662887
39536350
104458925
184411956
237057488
11144549
40965506
19694558
117496421
226292235
195336664
125088970
277573958
220627360
71409653
177381660
258209716
179043817
314699788
137749389
166274368
288532237
297798129
81078194
121857538
279818263
31380541
223286455
111268353
61078544
89119021
128217268
215649818
283209322
301614531
314978952
245521711
31028302
128447756
106706560
85745370
36137211
237044947
41851420
59605419
285589996
75171553
81222499
182891706
110674411
55812928
94990963
184016512
220387031
287030673
224713221
181356933
54036612
222561397
189960821
60265819
859377
170105595
107282866
99250098
215848899
131926175
257845279
239067382
32690855
238294877
186355299
288212402
189927118
62251865
221553462
27159989
161903606
265258149
277333122
212809435
261610031
188581859
114037410
19411250
126227271
233110356
312304993
261937320
268032013
136101448
71084897
84215001
19472409
226918044
305062902
68045605
107170951
75475592
264912028
204194376
160755234
85715159
139309605
28804652
125402518
204271149
133803777
322671220
86615276
10203946
222778597
83345768
271650639
305311509
249688084
63372816
151528103
280527741
226196381
83263813
242892024
153690541
242339254
250960065
279997373
38857543
207947751
257886985
87721490
193494065
138331768
122186340
194958819
103779489
38457231
3707740
128391896
160969280
31964982
62316740
286145889
107877799
18291978
239550156
184346535
167556777
23752550
15362347
301895921
6366746
49110300
1318237
257662064
98028370
319812343
248491448
76188104
202196523
104022591
63277057
139432925
279623181
133273402
122773923
300518800
65947546
300605597
38278480
217637711
41210588
147695946
303600336
18789167
5683191
56962239
305599358
222283808
252129176
5949247
146413874
301264016
266578444
48606169
33161177
53699392
30670335
237864720
139361437
203822247
42780655
218498279
299330433
27276729
267533158
180442162
16615693
206507880
120454289
108186976
125191375
193382714
294187988
118755776
252750211
83810215
63073981
202233663
1122072
297378733
251514603
130886588
163417022
245045211
311315072
246350441
141391834
71674183
93946555
177528176
267235166
320096986
286218530
67143131
27324947
24998148
56519278
63048203
324610544
227387667
41699356
252324642
269730899
305942432
172513066
197071883
159447500
95230906
141841451
141048910
182245350
30621193
4157614
316262506
227053045
108863731
136370577
60542905
83796055
145362711
69767289
118769487
313396418
308255620
158738165
282238790
194782334
248176031
300398834
102519644
242937408
133076839
248570994
269794600
266025828
205309325
190090088
8762479
69659185
145134927
181315111
269315713
65646693
300333038
27033700
240490832
89271408
130726781
32308946
121031074
252104203
83862681
293541261
110957421
66814887
139711065
152791931
100676793
48932792
246829281
112892854
300377006
5314666
156877396
302790775
110272232
223677707
117224904
237676781
55182346
63006991
147112733
7025709
145088807
206709118
185898340
9026265
322361264
42168328
194432044
134035137
272904375
221784174
238485502
307898419
104389238
193793130
215426920
46094628
294651177
252909837
147594728
227602141
125386076
183814149
135446231
294009558
222449263
195770491
107432187
168490458
102594663
249147650
138984763
9654909
321732056
202310165
3920733
45469353
153408894
95039639
247331646
240511755
195974492
285385473
9225608
317704914
89185790
44942189
156477709
58335343
111725359
84563189
319702956
267254287
94048431
88701516
199834178
277990395
132299621
177895021
169394607
264874607
54170983
65081171
230275516
48537882
300968370
300390002
22296674
165121799
2359001
283576077
144187609
275618174
280705931
268688298
13746012
228351957
52723617
294542001
304893645
169355766
102686740
130504113
51750658
248973468
70204155
254190348
141021729
141758319
280881812
307290975
251419109
222795995
98180703
240213944
295601990
281543317
166378697
317098183
169151822
199230215
273962623
321193194
84618140
208369176
246803452
8902699
61673727
109150995
302910696
88096639
297284690
295254094
21361693
206387126
312727725
21946193
296508196
55723764
40228618
256646629
279241046
206962908
186549326
119351175
169166017
155159562
60773481
157943782
79416283
148854226
167060396
14413904
20452014
103806622
4209549
193987856
165771248
271099126
261906551
260946080
27126264
288874853
167630258
323289329
145699434
42422028
309058583
78457551
81219224
238373308
105678195
271741430
42241376
218619399
70305522
144163060
324560651
56260546
277148011
183298287
90613518
314845153
145824860
309427991
52176746
40517280
56101814
212321361
157867220
136524120
3953103
69327953
173637825
168756374
259123698
313979892
41598256
88181814
119874091
300694607
12616690
146191877
173420979
258622077
267340135
101500846
283855744
188843796
6230434
205057015
303622688
59789141
13223412
248675243
144144120
186940357
300158212
148877140
316214335
304325797
157523710
245556473
280573059
278006844
65957838
160341941
136974114
220970588
66425851
141076831
138565758
280945364
178565660
74746179
166372196
202379715
214166086
31785797
77366644
242618630
203202689
277130309
34081835
315396480
