140529287
100395669
93036130
68327017
98949842
270152365
315113932
231378466
317227271
123628141
222140695
119315938
178912756
105310945
159216760
51206694
210957245
9913339
10204757
42916504
245188717
11273015
195184159
291102507
217096661
128096833
287126444
173993002
255751211
316510891
193527022
250326473
317223421
279189300
256635606
224666948
82385418
255500191
296552954
267049915
22110197
121038118
319345094
243834242
137032369
288569715
57101939
15554229
18945369
92254484
275944777
89292746
140808153
297370061
77584887
242997185
114959259
231806717
165886534
221792906
242074974
305246938
164321652
186740307
300677791
8106761
223665707
295102771
196721707
14426098
175538341
112180083
281677223
95551305
170457741
95091525
208817689
262487199
287179134
137354372
312984017
24167665
82453038
205911741
297741541
267587516
255998763
81793437
57459359
299010351
82278480
201423133
166245171
319185940
172269216
29010358
241090468
181154380
51850047
280921092
294754073
199762771
177339793
110387226
83406548
246789095
227433539
182590066
27413087
11347545
296993108
52605756
152009926
90246509
283117119
258582637
276743884
176109476
47435245
91891859
34354659
318415148
185514455
4385120
294457311
37491075
127436482
98202411
189302597
117849916
202702964
67932183
146329349
288503279
61669018
137053666
114661988
181388420
79148741
198419705
186807123
131215285
216849891
61537183
222038313
294322640
69615755
119554283
318327955
40578305
246847108
266559125
816271
7224150
144973261
113767542
324341310
193316733
248938499
129654692
199448914
38262670
240261747
211478487
274701091
128507842
317794799
313376104
280945131
76882927
249434173
35047013
98762542
133527137
204170793
60270324
98795113
193377279
15676893
178159253
57166566
80436187
38283651
300035301
183268280
12401555
183710095
268474553
25186754
70778659
253315311
214106790
2913873
189662808
85806098
172530672
295393689
45018298
273194389
62935258
124051427
175051415
74637681
20569628
222791542
319498726
281423190
3233681
260138602
293692868
237924118
99961417
246270598
302731747
114807294
4417569
225227688
252147745
199884283
86823760
211599803
68692304
98330689
84642912
210215188
191866163
71786716
183643307
293828032
195520823
116195746
145323534
58676881
31056453
296649998
264385024
80858668
198975379
93230325
179318652
118096301
305557814
223902080
135759433
269145594
277454371
146808669
4718383
176176167
46619972
151487100
143007208
263483505
122842355
242736559
237001918
23471155
102644616
28995734
263638709
270387052
102056139
248822174
152812942
12897795
308443643
304158
240460794
249206308
121307587
299872794
52269508
25128059
62672790
60428120
244937945
195469701
100497451
105193386
269123975
32938023
207191488
306886423
59819887
282178581
137905617
156228175
305657554
251789055
305799901
197331990
127468407
264000360
200220588
112541052
83620545
236682521
234776782
316350470
38454406
317525631
236392919
252578946
152018752
318758645
201928152
88050578
188985972
226245067
289099922
248156331
295372249
153254872
166473437
186470333
144349908
241287204
185616903
300997467
172584527
242882210
250291350
312379285
276631206
196902053
10924920
81639047
239695558
108827536
223486992
224345288
300463894
48593130
282429613
305750568
16370828
170628303
187216134
123583779
306006691
62044070
68282087
317650211
198255743
25770126
14299198
34884309
138083038
85334122
100957710
50029062
22154748
224768
260294625
138345158
120481992
116962924
265676162
144727081
160799475
271525824
36008495
35687651
131915552
128390233
104175982
139594866
39740643
134962081
95401203
34879084
312107881
35417895
236333882
150672540
236415281
289962311
263024067
169652057
324344422
55655710
296569533
324448976
285989291
106853242
178847561
175244211
232892733
256026672
231078105
40935647
81676018
187714559
162968771
322477387
54981108
20665483
276744566
96417434
50670936
306016727
214842093
293178387
163500359
247282665
57542484
90918264
28475515
78572850
71503425
226852537
142938683
248901135
103995284
271110182
82475291
87145802
230629058
173524052
294678304
51623341
198157782
207487910
63456293
273185797
146523095
184804350
115933643
232472850
310399599
5458715
156964065
314468800
48624902
271962193
274040292
150741513
18828880
281006732
102481050
80851840
216855401
201777957
196564153
71040606
159428436
147362971
282261446
261932316
269816327
34163213
13050599
243911096
187696679
253711224
276318264
219811006
163382834
272507864
196734364
116892493
75143979
5042492
142956978
49773294
234184789
48405684
200051021
205807923
10382356
313216728
156820592
147059003
205267141
45959765
77567538
22531468
123760182
83188343
243414784
80185873
287868421
310800141
303511560
189568789
138350383
161113366
225503066
193353115
63925927
34084355
178994156
27352119
115110079
256859852
317370776
318185452
301190920
14752514
145142718
4483150
19319532
172163461
177221230
234415053
195984224
194035444
242344420
168634288
2350737
248775083
125148994
122563621
59720389
323380897
30433564
99872947
78963693
244436328
223044858
177873757
182923881
220150702
56736289
87915483
280682581
56029369
1710694
217655456
306878041
133349899
40514347
210575020
55273817
42627619
128896752
212841461
225221223
89685531
93171545
117983687
141511116
322835776
232459252
117142582
167639942
170332964
227766894
99698658
248707472
96758805
282404172
78208793
12316920
1664039
177247965
191261921
4035597
114423765
303487014
67909024
302888768
281814712
8994680
54699672
29511583
159337776
210262437
112770001
169069295
190494689
280571935
5815725
132277232
210285630
18171100
94566257
266164195
50154195
196883920
186097989
140230712
43413895
159306334
152570563
107764341
220596022
185272274
169627407
14326761
215170759
254153493
266288167
234925322
53827256
190992975
263332593
234456407
143297623
82759493
137069841
257854432
133562731
235061602
47719272
241432902
161182372
143319464
124580333
36996256
215555438
4861702
306764860
296660622
63692632
240775309
238661953
30231027
182918764
17878742
154085963
91135169
263683005
55165104
127429930
314924194
281068137
252665425
75386150
314005699
137243876
243700448
46168165
172617999
221904552
323614417
128443221
69246646
145159534
77129474
112776955
41762509
314832483
291313974
10432453
201926730
40890276
132308865
64453471
318695776
130814484
172464967
283985080
104270712
19294385
62909727
253067970
294386573
30405055
64819497
57858742
44992324
94718375
142857485
252893882
74276411
156481938
205536095
179763817
309361139
184894860
231473748
119419475
269387004
63825900
132782744
80956631
15650481
128250005
124419244
285815793
48649825
79090518
91095953
151489926
183820172
286165736
300463542
254318660
178016134
188832989
19261187
13694249
226949868
176968109
133358723
268951531
36913086
14896901
158757580
254762419
192675899
51809992
174219797
274436816
223295816
153035262
60329275
42395998
271550404
265444652
210635120
11303363
128968087
313178791
251098490
232607852
105490674
226814668
174176949
315069031
255281103
190485717
162564104
110258939
44696159
286297157
180152037
127702103
306911697
154114165
207268867
14724691
45640037
272825392
163879921
68166984
250680568
84540321
68523439
261357768
295867274
176130534
68275428
89229615
245325953
296595326
306036483
208982701
237448071
88493621
66303266
4940058
275698500
285919055
135495362
230032431
95371779
69712202
77338041
95611388
54778685
250050345
119575584
26485365
169757189
39689392
172026433
250864686
66651165
98224634
131644139
127284425
159746405
195839659
73413639
151759084
98944910
64256579
279760070
248506660
149326503
246691819
242527499
234620393
305705965
50056442
320774412
69108252
300016872
61039164
179012326
294285715
56818889
83346792
289663430
163905649
158702880
252099130
13214440
94358934
251972585
118817395
210539581
250173018
323929167
2104420
251894571
47597143
304143150
66825239
263245372
201274014
61490827
98924076
316677155
174376032
96454830
277307228
37667056
249291736
315445754
34478841
76058212
317485649
13748564
90359885
51216052
266058122
154123295
125326913
143952292
206652940
215792165
282879507
140446684
85274462
221019273
203388248
281497650
262419983
245234655
168482606
74604484
287263076
39485329
133596990
61069936
67169481
213508187
293625265
62679526
290667270
30561602
148528576
186951617
274921986
182298314
81358852
142786154
190357686
161097754
216983743
159466945
301702462
24664605
106904132
20983764
166874557
56252094
310666449
269426882
282206660
259569709
182555269
42161541
86759102
73255478
275922071
1552177
278738647
170583820
272376584
222186530
79124954
165964466
139869959
81970358
133745906
262367475
278939744
189923790
122495194
256028264
284455995
100134000
321844624
115370182
51302891
160336329
321769753
315391381
26426947
224875480
193728455
270021060
64155858
316628872
53262174
5389007
94615437
233076784
179052165
143102164
222929315
58188703
295972105
172267598
172896503
260758872
50642646
32237128
280536396
247352663
62329126
57139699
245453171
205870852
191822518
244976406
93847682
57022308
99593972
129052488
299633720
274495929
10094589
130002925
30951544
323446294
146092618
125888173
12595501
117342694
26456464
73690848
260254248
289133490
2512010
189500473
238569502
219151629
219659178
308006729
97728665
293779327
68713291
115699667
121020840
312889177
26495534
289652773
656140
236705293
75279028
89082956
12249576
317367145
208822180
221371499
866880
222761166
75096243
311977412
140965481
297408249
84163573
149642332
33135252
164096877
286390203
85576899
79092162
152815355
76611959
285714429
307547112
166550151
117050278
178199932
243092023
287157612
262106853
290947378
204010863
323588215
133453886
55674033
270105742
193862044
257535336
34020944
138717614
121537339
125886326
258644525
111874405
62320128
205061944
196051356
323215822
242510698
232494703
114301455
234862329
227244788
202304278
123699451
271894016
252910467
6026256
11593449
281846645
128807816
279043772
163769004
237809306
85045555
237179764
182881091
36243250
47821
115174181
243855027
113162018
317104026
290338999
234293204
14745442
207297884
303406357
240686092
294314536
101857443
209810838
291818303
224272461
205349030
136383629
161793352
319870347
245278610
154592935
149455527
301704552
38580015
281002447
153244557
292123363
127427285
98787594
304516756
56981776
276919754
83561020
244605701
148590450
245113079
64909768
114777993
41679502
28213170
288795755
66833990
222645851
262225409
318044635
164448705
293216732
255987490
189714178
227371869
256440707
36203879
301619546
198080247
121764059
144389474
88782205
305490788
218395936
6578058
154984216
234726000
79631418
128058101
109094076
6394770
179911390
270067723
270338507
273066977
2236171
280699228
280222306
212089228
302509663
96186393
183425738
43155021
112484271
101746554
93747299
150829044
3860120
85640789
299363699
206880583
54949917
113849491
157756472
260586625
135902198
318384016
203933496
15070809
73598039
282294003
297063330
42470989
289478350
183342341
39315982
56552143
80862818
204372312
223860410
264008846
181417401
9387307
241048426
151387179
114827808
324394854
185487045
126331901
84399846
150042220
321699611
180901635
62985825
83371685
29001548
70939793
161803094
222831960
103752514
294596973
14251185
54124396
9288176
7127694
91240084
114863451
139846227
167938705
176242953
243252583
237165521
292737290
321488558
75490039
293077575
237524764
212795184
210810320
134100912
91801027
252930103
91767953
149875281
97607043
139388469
168370245
86524794
97149474
171306355
138807200
184275672
251316605
267495361
67494439
135639018
175597251
28893700
36540136
174889607
109676398
320315846
158754058
285785307
39510667
127252099
195225655
65360791
111785508
270664020
268830283
177072646
320149301
190152170
267121640
179655710
171264004
267966478
105245299
230599748
149052808
208694460
14489942
21143686
168138525
314975765
219944494
290830959
130343441
63506885
211495747
11264712
321803664
41228699
208413503
109212643
112290280
257237716
183737973
69964095
124773407
317636447
210462819
319590776
246693138
148071239
92353707
146257177
252313293
310437554
208576009
52158868
205827451
75659201
128293928
40863396
232886958
76454589
14098157
35047034
102605370
19196981
258119747
6448539
71065270
164724345
19419378
305094325
250878976
212294998
130570517
201095968
67114992
313406191
17714576
254464464
115126668
203202243
263840857
13753429
302328319
274562454
6582306
264013304
220875973
95336965
175950810
8118834
164947145
206871039
300221708
311972504
141264510
109692426
320853473
230231565
324251112
7939786
185385801
175157689
176882077
171202478
34680180
7035021
6971485
291964314
263826915
254425992
4561670
150292181
7957926
259010932
134059257
292037268
128862053
84722384
6747582
198267643
58771808
220029569
119221525
138530890
85197844
267660712
86413169
11586061
13371647
189541722
46786726
140415514
99215273
112532276
257810470
235666956
305881643
158950005
157478897
323047574
179017804
165265996
24372090
172928783
87033043
7959421
169514945
306465576
79991090
69315913
78548232
252301697
161061570
322288968
15737485
299565091
222227223
196308578
133606051
181830820
186652593
134100351
195719280
311806404
40944430
87759013
1191582
99109961
208444548
286076698
7784176
215074350
316985337
192601848
88337614
70931306
230093508
256652099
279987686
123355066
7190480
23666568
98087527
54644644
173375096
123718818
217787827
258897160
117017550
28971077
59408097
63615254
230995370
166741653
322906224
212602359
315340523
17122254
67639003
64822382
22923848
78982124
227767415
167247696
253830236
96754154
162093395
257266184
120433841
52750669
73294012
48956868
66023393
141611504
95739129
274316075
196187070
109616800
170384501
60203662
324449638
287604669
34085533
242375273
191318789
285043605
76511320
314370306
300542369
134760350
101537906
312778711
149727757
119380278
265794007
121206340
94513098
264331249
201955595
219887536
209258453
175103837
128296194
9585561
209949360
164266110
47598944
157809097
268327111
155418874
279481373
203050823
112547873
67571611
291570900
314033336
110591646
38296067
124049636
96124588
261278373
15811863
57641401
203598827
55349668
211989734
308487742
221473409
315253361
148563583
281542734
24472160
70737000
163594843
208547685
112796444
138073891
9676355
278339265
137149181
148656761
10425748
208039566
137453157
258498844
286263235
207963516
64236179
127289221
186666007
112288001
117599304
189840729
232851993
183622296
203859268
46511561
149346965
162506473
46401734
117888083
26017283
253669696
14227654
291812390
25928500
66405696
74385734
12653063
176754727
273248016
152390057
296976384
82732178
187167539
36985376
7940274
230124270
185515726
175157936
19745848
297744212
98051307
268719846
121915065
261987048
130505471
300139143
253255145
33799768
11205249
324459816
199932587
315614669
54361796
37878986
143548831
305265564
29355347
229585288
121655936
172911176
268571021
208746181
103269220
273857547
271767519
265160025
30624754
186568936
65491949
194150892
260592456
109641809
59492130
61952772
271173996
200922563
176374335
160947343
20801894
238896470
101805222
10429781
24498702
74909449
122141897
284872691
289278389
208473903
159277665
279477382
29479504
288412273
129924085
101484956
37755676
16647402
11319817
243632426
172805474
19727166
216375514
92349535
5636427
164790582
13771952
190632563
213654872
12696841
115786069
21920814
52008389
225048323
57584191
106128752
14707560
194585494
30651833
82952604
228127426
10915061
87564059
10658020
315356029
76191733
296636231
280916929
180039931
68761757
203269681
316915450
137657506
164766644
193571757
211810851
276720549
300697252
298477254
145370366
13725059
178680469
92291797
316133959
324697867
168861841
43209637
207868571
239390504
165260469
134547204
209897175
202398273
90129890
214710367
76263369
5152885
62024108
183478742
285887456
75798484
5255954
208587170
54026773
51274153
262773443
30879060
275396537
235443097
233343213
205067400
132821458
320218190
128827308
3907966
153031788
41567946
96765029
134136726
200156521
131054533
247036266
3317383
30605376
138814251
110488836
228577433
307480911
40640103
69454305
241227706
111532673
262719166
323005999
172456026
57014880
6190950
161987566
219757219
3109664
23329482
142066643
285703106
68923127
216965061
28927974
315084736
90675037
301559766
105079287
72912913
278360101
68442216
60979253
176159411
250742564
269015072
58761378
145277612
268667243
86776457
313926522
162930048
170585000
108086809
7025945
286047192
165985107
254785669
297622866
279090952
99962065
209072231
195874798
130680866
223388537
293003600
220644460
289803283
181557205
210512885
14254901
44194360
141445590
67742262
226599263
141967605
209401903
301010633
82900688
3826784
181610163
176255801
321477432
155863391
197610961
37961617
64507231
305620269
73190630
204200028
167192975
273997871
118504108
195716169
50860422
288723721
76604498
123029315
222207647
312827122
201723626
250210330
234396774
186675308
305543839
187555686
218028666
54816967
63026440
239528868
15916955
167317746
2141203
94182878
190778861
9208249
216789607
80144853
270961691
114206034
258789605
29644225
164401859
139924180
79268263
222466045
275019033
95322035
270513807
121767425
214929526
165427078
313839441
94258597
313223381
218319544
72560732
74601137
249587689
105778271
151405640
204956450
216667008
23891443
226467847
178292551
280416128
88556429
121276527
307630079
144621596
116731786
96271247
278134267
10518494
17188176
35111762
239954587
217912463
50397798
144900208
16606742
55965432
253146878
15858316
256983126
109503949
318565652
247705728
240151099
233583388
126371100
273482904
228409194
306618931
206567412
180846742
312533945
243021768
218855941
86430832
127303915
271241025
247165488
264390193
99212334
126081925
229132866
111123125
319746276
111935876
109732940
313496201
95715281
288124660
223662731
20190629
259372296
64029805
17166831
216315251
197045360
10483349
55233996
232496100
94074300
84979945
304597747
65200717
308013294
211318936
271776341
263944800
307181288
43921694
45762240
78541331
85738976
268285757
161644987
159008739
4030207
34983867
125700291
22934920
219263217
253035276
85182941
324508040
176031773
55552475
225710770
48422757
234415421
240069165
119974688
17399994
166549497
210273825
256438673
75689320
73073766
280394308
271874881
95267064
35113017
16247734
104675036
45004182
117840214
202117322
204359606
262625776
314345545
286807412
59936778
242647400
111029949
180174237
162908428
86796925
298287818
197919257
85430564
253690438
267921100
231254476
138322755
72539954
170881000
70082707
230893424
173236537
121531210
36682000
276620097
215365493
226052713
214789441
194126088
248369202
3357214
154215849
320591858
165212099
60796528
166788728
64918564
204201314
315455189
100260331
153584021
271053307
200313005
132138124
232089933
311515098
119990727
160011129
174374166
35108870
54940
28937611
194361148
250640058
285493252
117094530
52046832
6300975
106276738
99852445
197071647
80935072
198347499
192967644
120281536
251365501
307549756
159206228
114591474
285037487
61089193
318943456
240470044
219013338
9951897
93476850
124577995
166238177
14815499
96478964
172939483
292169453
136359484
59436540
278124198
39021575
314228039
49692919
85097144
315119867
153043495
293159349
7593617
60098003
294280467
163425965
277065763
52849631
246098700
65737307
169855218
182185269
32741223
85657782
166054680
86234728
63515290
114565213
119100395
293197376
132028110
250011175
160387610
169978406
225110743
119233768
197068733
137982072
214204892
285836076
19562722
66120336
143541033
268006112
315755714
323303267
292053580
169459120
119863392
45405970
103848150
239483281
124382254
86785053
167994872
274866476
125152773
185016559
54201294
184069658
59370228
5802662
106771067
306896602
203027484
49513070
186204842
171516133
276548315
132884865
310974938
284107970
129975885
229747432
90423926
213919070
262062163
60302163
67765877
258398206
11970912
14120046
125114286
184779212
236369866
32550508
39241635
3054903
238756905
20233038
240008896
74466047
245631590
165897720
183639510
101152740
217485874
107473853
291388542
269691390
283922742
313073647
30225255
6115564
43762809
151364280
239070296
268727735
221702131
211196208
186940126
232284030
110816282
69729232
163945821
297987433
237193131
50601664
263511904
284801185
197196118
204938589
96242199
289079699
265881306
310043297
303029576
174677540
312961656
56900147
224748519
176612291
58950969
224611336
241232125
23470903
54724515
260216990
251264373
10523433
217928736
152339117
136283898
130166986
4859015
63668492
226986059
174401753
244492642
76424801
126454567
246433285
241054445
322703859
87724229
285845829
157408640
254681172
320662812
228445660
100821422
14267053
15997287
121761783
235669129
265623853
191752770
176807689
318939148
167247761
36118572
137013791
3408302
153929705
191446223
8271825
166119054
161438135
206302154
102768629
192921343
35951877
25365290
281308623
254177080
56062803
290010522
249598400
192338229
230982703
265464915
62284060
51933159
275075434
108628581
159662961
317057123
222342292
272970134
81134530
300220910
77428352
205346925
257711886
27047451
57898630
80870455
85806337
198455076
135551371
298404568
304492445
250979548
204681739
145386292
319317049
19690821
218461606
237691543
297759397
161141381
159843060
301606255
12505476
285975977
70945685
192714611
25956455
29956639
9044975
127690331
164533753
161659048
66827706
140855990
58177807
133051240
176874498
135478194
312541581
252593303
226093084
178235676
145891457
171629624
118119358
23685935
44874214
14039656
219673051
44880941
136881617
10775406
312663318
121483920
301824425
189184148
102325612
190959601
55643374
86371286
166665788
22002842
247665943
264903898
46534613
101348697
286226373
18424451
180191763
170150323
140097062
262204692
90906229
153012668
316018142
201750785
294715692
209616079
298548265
225777319
155506898
172628537
106961340
86587131
54301677
66163567
25093537
36428712
31949675
37952931
274138352
68768980
265909499
201135614
305276200
73998808
303388164
131298303
111010093
171010162
6588296
190227636
198582591
237312767
309393706
69224921
70083998
192646594
213798367
304791268
279395538
234460907
324917502
243089931
120832974
186773011
185616299
184745973
58127290
167188769
94460944
8180433
93626244
162216442
65545017
176688962
3358137
306042808
104869463
134983262
204061682
35756022
312571164
184417286
112402284
56727419
294452435
256072749
126564268
81783992
3827943
112965210
27964681
69629688
80762518
262535255
1507333
6847882
248305833
169392014
184236387
36992873
217528428
103143526
174250871
177874528
113342791
113144672
53519561
7143201
71462552
108478250
127038391
157206870
321343676
157964824
163653905
258146303
98735057
189402019
86295183
83631292
219749933
323075027
175567754
276179265
213016486
97665265
21507108
188159746
146299108
135585352
193337301
286623514
314189029
292837529
60317697
294485549
67048804
190916561
3066347
250276706
266724411
26659419
284867660
235987967
73834884
130260790
117233473
246294694
61017858
238481250
124721337
31524719
185040043
81692756
228434769
33792670
77570545
250381085
237849624
53400449
209607519
304325790
270688284
93920242
72485841
189318158
48547617
5321294
153763396
287476316
64976292
149675187
61191480
206668606
29947936
121247442
24553460
170098664
251958576
65767710
42023796
241871650
23092253
173984704
10113319
68586983
276787336
78391823
75578320
28509661
152159894
89884031
173400050
13103264
294731697
321055102
43305599
216465140
113296417
138724477
204030418
230465750
244008662
105880737
163304962
134592515
53576527
63110533
263165066
144150030
16262766
238614843
314997114
216046306
116022871
177790940
188728788
49374420
159869379
25522154
288794023
203389234
84465245
167846216
3199688
124644672
231535768
143622675
220811782
117791463
210200484
214275442
92183833
205728945
208137924
23990965
299628041
77128749
254837027
218893885
290418368
195810121
38761579
16731880
112341133
275382163
108581556
219625338
65317414
22789483
240816927
223913630
324823248
32393532
278132785
9181366
310992933
301217781
227660584
259908140
29205706
268559980
285406238
135014784
16593413
172112211
100981292
162646265
147861602
246447762
238352254
242165381
223364003
131731393
70156499
321565841
306153385
241528428
18894213
87219254
56268015
275363359
140251345
34353074
127590638
185664863
116674515
117236571
170709398
287537996
234524895
163031060
11045458
322530559
239571837
137174416
239008339
86824295
209367904
270240106
149191726
177889262
76643480
306278165
160406137
191232351
19399037
68906947
32733144
188587902
136313775
295096164
189257337
284556564
280522475
303195996
275534580
38984958
307948342
209563252
258515719
199436192
139421462
174526014
78628692
112738951
238944134
292569090
301218946
152553853
178455568
38253497
143605824
13247350
275246619
10650430
81669968
313010835
8225571
270384211
39954027
15905844
271999768
310818827
102849022
174529044
159292348
7345745
223089616
13976262
252723278
61189783
205892655
106735619
221616664
105218879
53538535
227425866
177258557
55644924
211937748
44318227
100466844
88073073
209734108
304568891
98428739
69188651
123224679
135563340
246429057
4343935
291007584
113605923
254271887
187581017
177746170
14146899
253464113
141419660
243450828
7756931
248209040
169340198
138496495
230015805
261232557
3388869
9089
258632964
299760251
270707916
156984168
299930389
2058144
264463575
100981496
113894154
38852060
318250246
278217021
53757312
297726944
132266062
212280566
2421744
193654817
63541787
100240720
266398255
158028011
81946154
193398885
40092067
228793303
1469871
195851029
53108246
294672449
222598222
202440072
117453409
63232343
209506793
103554611
98920258
284918226
182638451
235589639
129935085
135759283
194604126
215331843
30435075
113210717
111008393
241467108
60915211
245642575
26245471
61990915
182509575
139532451
2722590
75772901
207360310
125354425
220790795
41221784
210518519
63831745
32218177
242833525
232078949
91457467
250625970
189095126
72058180
168388653
202104008
165559083
218531400
233653557
306072407
68093820
89667297
215555443
165829428
245749914
190079904
120417402
299091766
72192892
192147771
212674754
197845637
260700388
263075532
239542277
12361756
126938014
212943297
192306728
189681681
252596710
32342794
77036070
158822699
245856514
167997217
279824764
322629576
45202476
126226008
52836250
261315836
20842623
285677061
46700545
156421485
165354942
117827798
14398790
224437093
57226081
74795602
156356422
264683615
126844598
266573632
191438821
142427298
294882892
132253676
274497433
217497102
147309727
12024685
137555169
233768414
241073708
280694591
46109364
302729778
297835083
235415571
24087437
193313728
91434726
20869944
121473786
63372137
259324799
210364789
235743440
87993860
174618611
300636235
145310388
102692991
146254029
101971793
138365375
274511408
163932436
237639311
112523593
72216208
270300756
182205044
182479979
79519394
289946063
19074728
153824461
311468545
193338930
214903971
242764718
8549491
225390024
108711586
239982181
160225609
178586950
241077918
73016324
120297996
193550416
207797204
26823688
127485026
235698135
178625268
92556595
289137304
12896987
229925946
5501954
86402093
117207163
196557184
299824202
306844921
36586628
58158415
245964336
236434069
66332527
304096004
250554699
107057898
169096645
208378120
286024634
206838783
111276481
136779147
307320520
59330145
225669226
193589937
41970339
97477312
280917177
169364406
236504647
58817362
165329830
293087402
45554258
302055566
59118312
233703837
205542012
313507701
265191056
82465250
85249055
135541072
210053851
206106379
55948787
110142996
17074028
82621220
51054745
65937662
87845465
296598654
23770985
296846350
204362077
287568054
26605693
129021947
114655854
233073324
13492971
307816653
219043815
173966122
266358337
279323946
209003301
160126319
110024158
248064991
90808089
231568207
298757038
206762282
41742644
32530065
298439501
168963774
62016674
266357343
112058650
113559364
265933215
199155526
182030221
145626931
320200645
96572196
31895497
280627548
142510148
48027519
138515633
142111699
91603768
206704710
47407345
102549618
87221468
181393363
44094701
23133306
130008939
201261270
26052983
124357893
18368536
227610546
92568468
38535999
55500911
143575461
215913185
282143290
126239045
106120073
59498633
174049673
123939074
48609075
195489134
9095736
22585657
208820077
214497292
67392322
213529189
20643087
39733646
183465749
69204968
220823676
205994413
115412787
111245666
288168497
35582031
222209149
54013821
127881062
268686675
272436254
226389299
286311646
206149248
283583088
307162402
90507302
207201816
272988681
152256093
7909994
59958787
177642937
98169240
197060055
319709122
183095630
87161863
230059154
126214587
112513186
13542759
309021762
109106521
238921214
318985588
100701497
93418107
135816818
29021610
204739553
198464305
295749145
149978851
262772734
173248777
65640240
68531150
19571859
159039646
194765788
61305606
269852921
313331550
115632462
286527473
51119836
117913783
31552037
211449106
213479581
47618792
175754491
218670816
123980838
27419479
47989117
23180204
22535541
161731323
273923055
138740912
196967023
113177426
134336652
97757414
161596409
203634438
323478668
307253472
88412101
32464426
176192186
213484780
6901419
13162715
188986910
194998224
129821346
199268551
293673950
128127945
261586168
71646793
47391065
82669985
50328607
220873963
309315261
43570332
242250258
240764583
57188916
307857922
95093806
238937031
74002119
182526803
307124425
26999009
180850464
114899856
155105182
302208067
16148319
11549255
9119006
79242767
5131129
237793197
159942913
304118967
284347062
187466620
191483365
31510793
287520460
16990312
24350296
187362373
199825896
105815230
65627881
171804553
47709485
239789001
105581516
160667766
61038734
46093776
156813058
31279665
218365701
322976021
322994556
61538888
222560510
46213344
306373867
250598892
37488782
30880129
6687023
16279913
314438055
24708254
234500027
45700060
89650042
191008934
204428279
152325270
156572913
293610125
39100112
123356988
48006703
308789070
169047008
141621685
103134144
210136895
124587635
173733807
263718092
146075140
140366133
55259086
177379035
13741302
33561342
44131449
317067757
21826386
56072743
218355940
98279084
217266647
151513375
245503905
115556438
244916957
187656246
97083372
57657780
63505442
166295549
154170958
29982418
217487770
127501565
307471378
262659250
288287923
238734881
140354895
174601778
296507562
163107578
120045248
300741006
163068942
47807024
311827177
100845683
128863853
7294588
56917142
277296780
292197286
232512437
23941089
215673538
161331061
253899193
298263950
64436483
214553468
152379843
89707678
109798190
187814263
272806977
46675760
167148268
169126105
50369964
190922914
297213914
294882337
39228302
204814989
47809299
218191434
181542285
8315019
104322683
234267628
227910967
267415270
8508931
279226332
187335737
2145146
157130475
228228501
69223474
258092600
188254357
272105429
56202160
38762210
299989675
176701166
86550590
324113094
162161263
156504062
322589679
143279045
57738031
297613511
209868122
291084997
317792596
216964615
197537817
273820073
96960741
184607266
304435443
61027346
147625702
139705671
277999923
61003379
98131691
164072001
159310731
2842073
153976516
205651030
275810445
84754320
283880530
292807572
304577954
284454920
251884619
294006534
39560687
46637715
73892297
292182325
29491714
93080336
299235205
161746278
275727432
234732278
124308541
