323819129
238555797
4820694
293760678
73138870
122287499
61234744
84017812
266282852
81882422
158175495
23256505
64105942
324282442
110759173
75637010
185197790
121779938
37295936
189285171
155121334
19032298
96503807
310533232
157940273
272975008
108358812
18428715
189613126
310577802
46197469
106307654
165424646
164823540
232837520
134430996
170032551
91066390
177426289
35160756
184713069
299881651
216975934
63572096
225006729
257383574
279030242
265007810
252181838
69996956
113910737
64523639
169645906
191417522
255369107
2328312
156508669
236364812
210099001
265166279
136295135
267540030
161219123
139765876
157763265
75300735
28161803
113854226
13669246
282862495
263981393
138751333
262987268
18918481
21159386
287964955
291498492
153939448
80648379
89550094
122422632
72413577
93738309
268957618
124191830
105812175
139185691
272770389
175778248
80584084
175654140
234452149
74912201
100611233
98674302
18067157
167185102
134675713
69460054
96578272
84035579
196273576
204079901
202193973
211455852
117499364
214418723
267955079
243032823
287004516
56339221
58049680
298387266
86524969
90633060
2240788
32510960
15879720
315580864
235254170
196395267
136714067
3748666
131762186
35691266
122525906
103102588
292925286
82421580
225558450
106102484
323169529
149214516
124889426
119332366
222676332
20420824
272232215
7474501
257944374
202402740
143911641
158363547
247467570
290368920
99903985
172736017
45130442
176297938
256414850
49982130
190212007
49716690
158825546
16736406
188064953
13200741
289255196
311394104
36036638
166533258
258336714
266855211
162190848
167956007
80904449
177002616
90609157
271380754
63194015
248935944
227025008
226357025
196425294
67730689
223474333
117070819
272396877
57537790
40025357
10390170
313813150
282436534
20356639
96480357
69565977
304567972
215803336
191597648
204299137
153055124
155566239
37200296
125592005
315542714
144984143
253067304
87547255
185678239
139813109
165096329
174164111
153187724
108067519
157703461
55512373
205915563
74473162
80426513
208516764
153964893
149523564
56003890
251383848
131728081
68563153
149210517
261816516
146537243
166800994
103069061
216553430
147985116
116282746
254657887
315795434
161342160
199433408
307187270
197082125
321426015
67598493
316855625
222323176
57808592
222615215
3752435
133540860
313617162
266344115
242896705
14112738
180205329
216084923
194830645
100169097
93426526
211900531
551382
116353533
183170371
14131090
257059255
44757062
173872371
184810457
279272560
193995396
140784263
116164227
13543070
175942332
28265858
46537362
66063771
71556676
202032801
154594865
146194379
300814358
204175216
88443316
12540743
200717661
141402487
185424344
159585761
223229184
217269575
294691004
152663433
44613392
215352758
43115181
88008675
55792707
228903403
8853064
214038676
209082582
42978557
71432182
159560326
78845728
284073693
71845567
16430268
82291302
139704902
74492271
151109839
291651823
244886609
221995646
256951564
275371506
172460460
170104104
223343301
101302260
281249724
46143223
85816349
36667116
205440441
320663648
283905477
224663092
85632271
292820519
35853691
322225646
86274092
282950038
225522074
54484902
307197064
323126332
108255403
252699514
233766188
67370291
310775541
112183901
256003403
183047849
74726217
281298404
268118972
117748772
145759052
189784612
218382275
206608334
161803
65659455
297999564
201235798
152558217
141053698
124036619
42387609
83213426
5545985
280840088
256939455
219168059
196971967
136972371
210735762
176062226
287101040
224118386
118147641
272683652
22998327
212220468
116648101
169028796
291833716
315293939
135415054
115932812
311819112
48788002
87595437
321517709
257213070
36969167
66967879
74822512
3729316
228428507
43907105
299499421
274244637
13803058
152459582
151570291
258505900
262471380
46153342
117971088
3756096
260948085
191986324
219776365
67190173
229444759
99863752
201961307
4691030
42545698
247368268
149799151
297055765
145930922
235039009
116162278
131048023
71143335
34785927
169609481
252136144
161497852
191069747
295960932
144852174
38531957
4612667
31151560
153072649
6467631
87716766
58907568
114042106
263699481
264674477
153802540
254655281
176453517
135979570
74189944
186429905
215924380
97194371
181805472
18458663
270272043
319356060
282759138
119731878
297644725
209281745
115621322
3398023
54181514
309732063
83234680
132419358
14714057
300032524
1231046
23802189
227747331
12390699
85067042
270394362
37257581
29531246
174787578
308489896
291251678
26015085
1833918
225979164
265774565
30236408
221532738
278629882
207810180
196420872
59544986
204379790
248180922
203279144
267925927
77683665
321496385
287589340
172844617
4563343
158808800
79337699
261448118
273792956
33412098
48828501
238045161
276612741
261440057
80877356
39323581
16928381
136112173
206075933
100566320
155971914
200874084
42008525
98700662
286305196
248454811
216220097
300703444
291361790
209055333
202240208
320820103
308192824
146214477
15080546
230327901
64382631
89799810
275991915
95777098
208333792
55830807
272291106
165610179
100159534
145207356
56712014
126655154
293621073
229527129
239220697
99444750
69098169
163341620
123453765
168940882
147985161
150118498
285136040
322349356
175290492
254445940
94699455
70628318
190332098
231390969
192234412
313174485
218616477
84123621
3270552
34350979
98544471
155606741
137754249
230276692
271495453
84579004
155090369
244637421
291123123
44852352
81052359
24603839
222007625
183794806
168921846
134930522
153113785
109182493
129381896
149387918
92506460
268629058
191863074
116252863
92501940
112890022
130631276
101987176
111069824
105420322
222771218
243378425
211205268
183108324
206659396
214086530
103341045
276856672
313511866
267578813
284522631
286639745
79659316
6737609
306029765
240911371
24624093
220889979
72787861
284019679
200162975
134606460
60388705
165224696
282871515
22612627
160790310
206626289
75440783
128111514
142353972
122876902
93089492
259226858
76429783
100435337
42175386
268832026
88094535
83904350
118886190
155408177
54248494
48132373
250374913
76848339
56274330
313876525
312411909
32451710
126272111
38119249
148731117
184102314
177854894
241718573
103585505
219372622
156998905
240785623
261419607
128734207
22302144
320206908
115399949
77974051
210754829
191798491
310339781
306143386
203663866
161757564
187049559
267420176
213082786
220085861
112258961
108757168
202821404
155168306
72366234
203472747
247363037
319099419
290609357
178096618
106645854
314930705
250109911
313485335
157241986
152518557
59853495
282274982
241724203
139931935
121066438
58891165
105718323
38360789
72890957
218702774
161262675
48368789
304259324
68462297
263542399
5069772
288461457
93656780
272548076
196242692
94850749
284777371
89548671
10278135
130288460
280738465
55145619
122473202
73191720
16382930
140877359
252627892
182387919
100627098
240990659
76637926
319089032
259573856
245728595
217010751
207487661
219553395
85297128
87778811
9785641
172938501
266199284
99516956
255118808
252788100
223117721
133553397
41260232
282657876
269036282
126961014
257826263
322135355
265229734
323381595
246406051
117996223
884880
192531135
180706341
193562295
177242201
122307187
211896933
181349846
316816350
21046841
278672549
55466315
75981958
245978606
82312198
308593734
136163028
65186788
290065173
235664273
153796117
279322139
197007027
322415584
261476416
134049998
50750616
278762799
112458924
142477577
116499976
19859639
12619438
210259923
245794592
204031500
45145578
84255843
136068955
118040531
134979553
263371519
166685009
139954738
170097783
156727177
156767183
141476715
68137415
38219768
272888501
179461695
283428356
52684128
299266120
28747001
80251097
38330905
98490070
209479519
185206488
42794109
167009425
279253091
1396564
253752401
123703514
256582170
17845174
2974756
189391701
135858186
236761830
197778330
94905956
144690706
282564754
36240132
171279445
24637982
95755923
194261705
138280922
265715033
149457526
127803174
244694696
181221173
90522490
223137367
267068024
53481104
276614987
302250267
314548104
91588423
252735582
198677422
248348085
323016101
147319415
185845709
275304158
31554185
23134595
57102430
207072712
172280
138858498
1763116
66397588
219919193
28836022
175626976
213682731
74727994
166549982
134842074
141537194
280820266
279057433
224984579
204282503
173493593
188929296
219334710
281681932
10221236
103333132
169903794
133447530
272427
104519481
4070105
198605432
217888465
287814084
155748467
62384946
6211676
268540984
201280344
207524651
101993947
292959140
133457712
25747800
218966845
54515622
132084476
25076516
313367386
178893324
303915039
104495044
257277546
208359475
94753724
59083050
221429922
237743106
129301894
19106864
277381269
239542014
129772390
243938140
180737682
197003318
253960568
288171173
35418438
299301471
120745778
131055107
90714304
124983002
103366217
99673090
180322081
276888133
287805171
205732165
14838140
34709807
76248909
313236431
25709558
305176141
150629614
173687781
298861475
250782586
37958808
44544558
54442505
31876269
323850771
185478250
3253715
284842002
31943513
296676191
14965262
146235312
263380904
141482215
17816503
3161141
4579936
109470910
233693625
240583581
111770293
320694864
79234231
163308554
24084839
225396118
215863266
158983879
124999717
149463453
239455142
72968960
195180433
70463933
59059355
213862213
324835864
124460554
149239545
112984703
319380698
114773177
201109295
59163560
5023574
186609620
34635031
104166708
167011417
212365187
104155415
45117836
289078248
179635696
238411548
40973346
296434169
270789623
194322320
147767020
258768210
152899673
270352172
30116562
304937811
300224641
190231602
324212104
161194694
323144165
222689441
311686178
132272545
109186914
295434217
202212608
121780604
104268226
219558976
69105503
87198012
157668380
297220785
251609367
110255680
196604514
221395567
75231779
302096708
49832282
112491492
310688337
54493478
285625861
190833382
230462328
113176262
83216265
227641104
114237305
122364250
162250014
32123609
152260701
70999974
116323583
289789901
158702824
234892051
151567794
25210790
60690911
100792423
154285851
243535987
82912828
152336774
297104546
63857606
71038237
107746080
131203927
133178449
125340354
176057985
102195063
206050615
212287882
241881736
165123125
69303385
59572478
49279011
178626056
110554066
111145543
260303073
131818234
89578744
274068092
148540184
115743151
82696298
239919238
238060673
31017653
108505342
223790512
54863944
178972058
23805326
10753544
182720117
220904288
55949432
210415499
197229979
255218344
64643243
40993036
24865974
180766028
200346512
44592615
242059964
285108252
270986941
192072192
146977173
105092500
296325312
85586576
222534929
254105145
163123130
128104489
206725444
54554378
283074328
89473453
92973855
36717926
172927237
1485522
211439614
50446522
151114819
5082025
35574717
166816672
183902368
269899688
35173556
240225854
105195563
127781127
153968133
53537591
187662063
260943376
208862522
112530822
301266827
245027132
264170426
113698479
51340109
8926150
207455868
70167880
163569844
315540975
198219404
168118485
320348348
7596783
87434685
254574391
171442327
30191356
206965516
69735929
80955416
223863128
295420047
53303329
47199635
305748353
237512434
318437275
152093470
299302857
56943130
71298138
42496437
201787472
45907487
247836886
6620438
38542313
136170665
256379882
229219484
196722534
93388206
218016738
227585813
309856854
243235818
115876272
296834744
98740664
315026330
276850178
237724503
202343179
161570773
211730457
228526827
114213515
112982969
322024293
3675405
215791486
266616727
25210208
175492520
174171645
226534121
46972230
99973127
206894656
88922428
188647124
134073582
167958209
72951435
43734918
297516439
270417705
53024959
264930497
262602181
282479010
242122997
87285455
117797336
152067155
191273923
171548235
3972871
131492620
205946164
18160490
203304918
44410065
206240189
246383762
24218553
169021204
310183161
116837177
202366062
62214509
51926469
322635526
139491882
35197594
175923223
223436590
198677414
282937549
28414124
172014181
236897843
161203401
294742120
189477319
51874344
224658357
272129447
154901426
61157236
142775450
215426759
175001281
291859847
90147140
237207485
87821760
25534024
264674003
224427101
243133629
260635320
256935060
263978332
70477389
283628794
300502949
88971015
212048361
183919509
233980315
298061449
243125141
279040382
321029842
224159152
84956876
261922520
100869379
132197338
293351172
153766654
74842943
215457539
70680299
164632731
24257988
226430037
128561321
137958293
271581096
100124474
299990009
171391678
232822339
123227796
129955621
96299187
130306553
301211551
295624657
147693677
153309734
106361637
227125702
231167382
97014223
277740764
283428497
292412130
214494288
286395568
236501375
185316587
207889418
251979474
39800979
47578279
151074525
99938201
272282329
121631575
171593042
149969423
220007009
89916359
202969851
96601207
244082914
273419246
243038282
277284030
312055652
17173574
233896954
285423680
69774392
45175173
264620400
173406039
34522866
177333221
299553960
61276167
94252782
37693083
137072320
155642863
197008931
135394940
188625250
157849989
233637442
266262793
169091343
215474324
319180990
244824700
115857942
67580133
222017683
280572360
2208359
2730365
251809821
238597979
134210950
141090125
213539820
92495038
273053537
143664949
285496261
54358343
5730036
111422999
119716611
180813731
97931902
19980723
127299538
205024673
251541856
198223763
100279618
247632372
298915539
308204731
18925276
261870556
44780371
179097594
86122399
103387445
43168326
69800338
106354928
265558566
35835315
306872785
70985185
82510590
51461479
115884143
166948363
113857722
21047211
273277677
220016651
80706473
88937106
275883280
103018583
151174535
145726716
248737914
74690349
244040441
130639935
281163820
52844997
79601299
291711317
223587419
207498674
1189767
125558261
17000588
229467782
87241282
288513925
144961995
132421693
134749828
138493867
14008983
194922132
240361610
300392493
77419329
72137343
251699624
151988717
187225092
187389413
98175043
272647227
73903138
226630970
216836490
203024833
147986864
61595129
156588365
9953708
182670197
45060518
266621033
224359481
203028529
251908247
162834787
237292754
99504192
298415232
47208181
27637625
312593740
7881925
245763925
136167213
94485731
9736136
111384477
90920482
23863055
142786748
211825703
301768857
102442051
121106120
76434613
284120892
313712665
321085959
189344372
26278214
43237036
71639568
11563757
287132080
108457135
83790258
199238004
266631557
150457813
245976682
34522874
80972046
317094079
48112786
255562444
50042872
169829696
86301876
65814033
320553367
52310109
118997764
213517673
254851364
185224486
15395822
219499990
290960840
76998904
117047565
93301665
59879258
34934845
303729868
45930077
296446656
281754851
249530841
27024116
88623773
236027066
55343559
31338842
289961095
96450684
238293680
179002969
194974945
59558760
117419625
110432103
246493929
196733236
221929388
147737799
74639206
87415803
287653955
144507984
35603604
273363750
277737398
81966808
167066981
120325101
161327876
205500464
166003384
144162902
110129231
102614242
38806385
1891938
234821912
148357706
117371642
278405802
78925285
91824600
265123817
203662803
151057384
139731159
315565877
201463084
195103745
125792360
61461855
115692282
178811925
280999616
300757795
193095117
203726438
55573419
204969879
135155030
181510962
55711167
251421016
63075476
40535563
59470279
6963377
117160215
189260917
110921560
233523028
6135678
217556778
212839634
49478385
251476125
204055590
299989814
3554341
279609770
120404215
73539083
74507710
82889775
164624103
217598875
35802912
260780177
309888530
130359254
303738649
228300905
80103345
179731357
186951003
26031954
256826476
62394919
14396534
226374386
7131852
121582705
198587863
37700110
70952490
67458168
45408757
168054662
24020152
109717633
298657564
142770718
269874673
199862487
229190859
261567496
28819588
91325840
118335903
248090710
135214287
62141066
267690315
8054997
167577306
232871607
145841628
285709655
60573746
177210925
275017663
123291467
199076827
232608320
124676633
98378326
143280195
194542307
206172884
214144804
228470407
28059674
324619485
34116538
34589694
276179952
128503514
274393562
109208324
305730551
269247845
27020037
196157516
283595843
3975280
291599734
147670398
282339501
241822202
91724700
31169537
61949711
602420
51575749
174353229
240122436
229871182
119333144
249180499
169328790
314549331
115572507
52823162
110739056
166616725
271262567
59075133
256484249
159581925
81580382
281492517
131764692
278228403
142485860
239628544
81648335
307177965
253290434
29448713
233467921
39540277
291637249
84804494
125401973
127086384
172122528
213877729
321158620
135303453
140271197
142706018
58370274
34583901
311307025
90395291
60961752
6013721
89973008
106630862
276397026
285517678
188243707
250793143
31366598
292824518
272484226
268258947
27315360
283184641
317901643
253618786
2270901
26852013
73476557
42661676
251127234
261304698
94238398
241420130
297748404
190196097
156590210
153507252
289617325
120301836
211781406
96821876
62620368
243145848
198355112
149701748
292202703
127394328
84396979
169440579
27640291
173485418
169619905
278598280
320318895
24509662
195596268
149713964
198402076
159081038
150725887
54739710
219235146
229480591
66846094
29898641
14666432
185023209
33181701
138662781
307205142
134741080
29951381
192238410
114920784
104699186
103730265
76456244
101145542
32050132
56090652
78910370
90205085
130982096
37683957
319269764
14615975
52820645
205125429
160660591
265530417
117806869
122079644
107455263
195705035
112159721
321162383
320951807
141129635
292787529
311764134
235963178
158180929
211632099
150795555
244088860
296269273
124979420
255753243
68182378
201086232
218253813
135227628
299920451
211761570
185513528
289980520
161974875
291596806
95832699
227671712
161099843
34519136
292435288
111010712
151591151
91590848
37621985
243593526
234665020
51106214
29187407
164534936
138142067
17690942
233430445
30255094
185511020
230110739
16802941
185961908
193647079
211212133
45081728
72964288
152303990
214106001
5563833
226847054
246829828
77627140
65004040
121923161
147443817
89823303
48963396
308532478
104971708
236354313
62749155
191278783
29651807
29562473
262189137
206874141
280432996
195712181
172578836
163319191
28622627
211383874
152847528
254976787
122691543
74080149
7915504
205949593
56816177
237757513
297102555
9401934
199263187
39322885
143789858
120739575
261881238
314487303
80221330
40579433
26905952
47502870
320004447
251855497
285196680
186197529
8116799
58786869
318349292
282652507
30376141
88374526
251311901
20124282
167587641
146373513
175069457
19387319
186797227
275305665
319974906
99690394
143997767
95164745
197639608
212607166
319671435
98863538
144739764
134737970
196708795
170324208
239916074
60147094
107203101
169125744
78205641
208768620
151714740
73248053
52778053
64419904
144687209
28317817
155410265
234040999
317159325
107144533
245967035
229610207
206130848
164921941
171370210
220552721
246161274
224266180
112908073
223529211
120472396
147595515
319940550
44798701
135119491
275416736
33440944
230360520
136207835
40027496
87857603
155721040
174880053
110238595
219853232
250913133
277892239
73291089
47489896
161138781
315283867
4824558
2697724
251758805
233967935
170158264
142060602
25386729
64663377
33367538
133672206
38347233
82511439
146138362
177282606
66376058
91898468
176822586
108551723
190360702
97048668
277332294
128136540
58784783
293383955
118166792
114477818
192431162
39344866
307181643
260171255
74846889
171263650
290887766
223140406
12521885
103255451
119974558
171020523
299912332
8630566
298740735
151985752
46945301
197995748
114865003
289575647
249457759
104357461
257045244
209033037
263246797
62617317
67950372
31277279
121441415
83749343
35626559
23978987
7684879
24206195
13816858
64145278
50615368
291235899
126492534
12690479
41639153
37184688
143001205
129191257
144661313
232752856
110500193
120564763
14602904
25028403
214244622
242607219
74425171
313051861
314315616
124523682
89833287
217524132
249975257
28146663
133768046
124535923
240383831
133824487
233002551
87170559
186282592
192078544
120414594
284341369
54037838
156072393
265627148
213090250
215833642
41906365
174060699
144565595
212877040
150503463
26427841
303127628
17421257
91718611
77208648
123204784
44629509
90048103
12954045
199428608
50651827
157061602
177545452
72421086
323670425
9230297
192518719
117162366
51065363
144728277
155523659
308034561
168709003
65299657
6428798
3928978
262280933
264456674
27874317
207452252
95732974
90560743
30698295
71496721
261353026
24852058
78112830
239851241
38740684
173947499
309326720
252453428
309872219
314625328
83801162
283300434
228677474
29766053
231713720
232447214
321559436
294193869
139272350
121685674
36580167
124941235
85888105
274914623
254975885
100048547
191923853
181418303
41248831
257703353
233444334
202682336
127521351
80729535
51561539
34082156
207022157
204655309
137849546
34538214
77949235
158721879
7138374
27732010
119370834
4294811
199792517
246421250
313385011
186900591
264705446
70494378
48366074
264485134
203143323
296528056
105829995
38571530
82343332
102747679
58980799
30431537
106151369
32403077
299646619
122602135
139538750
116026952
101627964
171989009
194544182
258988304
295778302
118620674
58052947
317621198
183513556
201666713
309396821
199306375
61237193
191175012
108715208
167186285
212945147
39188946
90199637
309101870
220742855
267263863
195268181
231149357
67441311
98346883
295207081
311032220
147138486
243934858
53275418
187489121
295999285
186251952
110969172
285159466
173085297
142122444
277650799
231686665
127521881
238506351
248101783
204936683
70295015
182103105
192592832
20345684
137259530
183464245
180884934
210245857
120783101
284282598
115217628
167904912
39795804
151586796
52638803
222868182
280718365
107933947
191429228
319111353
42580343
20794594
183885569
273610692
295914803
224201189
642319
191671734
213947894
135166875
187377115
136914191
141615410
167047610
293480345
310776955
218859385
186980543
277448575
141605976
124425797
287398275
168258684
25314854
227998056
252220252
260012010
208209123
4000647
202485554
176001629
299704345
79447138
118064936
44473462
164734634
123033128
235960079
182228400
300900058
100671781
235420729
12429888
133194917
246552861
239632510
290692676
25622047
160245020
128917784
307488227
209230489
216319434
256231905
83196014
187121030
291205602
281615443
233674048
265477032
207842406
254853094
116425624
25383990
196822492
15145689
45501026
469885
308233846
143278900
174750527
264255609
49470866
143422630
140632596
83980185
172822081
178188011
88369439
142705146
225389206
103211254
276508528
242056907
164408510
112146724
151104166
91074279
47638259
28972460
50333791
310388539
146761149
118447202
188071577
149485276
151344614
123524279
140034578
186313412
23759135
65306310
166076995
264672446
119732040
100241868
16389292
125304400
50406290
108274491
92148509
110879554
241267269
156053553
28070378
189036482
200205714
10093625
170538582
278896181
197848018
313027252
279719001
91470236
180468964
43624860
213716448
255994733
185283077
84617497
196366683
156952369
32721849
237682608
278703841
314100498
136983817
172756891
200204586
271787310
11142494
128367381
161030696
277728959
137919302
84665343
68859575
212676572
66289047
71602499
28893569
122444174
315169178
290291712
39862764
273290703
172192827
157037581
9665645
101909498
23303802
66665867
25678874
138896127
217205885
204298211
78404929
212557412
53133771
26123592
238080477
231293210
86055780
289264619
124424034
62773434
117573935
186191977
177455850
214741133
136950130
131370696
270912292
308347984
200498464
161280223
280013469
44278349
176296578
117931186
35178532
37280252
271045068
143856681
148672624
45325474
279730995
114756240
75049101
53311169
270497230
185332227
281434
110112228
211503283
320510876
114921598
139338358
36356824
308241849
34197327
142485416
235190431
222538603
8020637
232703400
98613666
85050254
291792843
203059214
145640952
237806637
169062449
49053291
18409200
200912519
59494574
132591556
131895664
297315993
136989549
98156987
167315583
87708379
116633579
57590032
30709104
3602283
62242786
282840565
12105694
286553146
167861905
278751578
135828647
238717417
50100106
4901347
308933565
263061886
79632628
76283238
104334073
27111023
60916804
261088042
120113088
86898346
140915739
199974102
139546801
205511562
285348506
24726744
307321710
110036674
199556466
163942395
160234406
236230189
285307601
67422668
148823240
80308547
207962232
154753511
157342506
299785082
305175490
192983913
287434195
104579511
222468766
293998357
47009752
33640475
160432617
261511884
68636033
14170290
191467790
20189760
104387074
16168090
176611037
72205325
76053427
249832229
102418373
98845063
171543085
239401148
129007538
55269119
316112648
84948049
218693577
5667830
133280683
315062323
164986525
292512509
96173480
163160437
745475
33202207
166787735
19073071
116188130
47776262
160995738
46728724
188958367
253571394
38302872
4694067
292321461
121627935
118732228
298947140
197595398
2417271
81798949
215314055
180425358
150822423
38050707
162047303
223853839
274029697
118971571
124012189
176072754
37341370
196429999
30983835
14764284
63503012
203201992
135267881
3259584
109910590
268086987
324055515
293961672
235757096
28875940
134792116
26112331
107540370
178917208
92679919
54646033
155927233
127654443
241410356
133554501
47188239
214955502
89299464
34744413
21373602
115908702
189506575
209620608
234181278
149068067
307260315
102019259
284400183
192350886
321888220
314112747
236546155
8752759
281088295
262282056
85677025
104931331
194935747
136816793
269999361
12686301
258328146
92821851
4789621
292891753
1123981
285771262
92875747
241785830
114734721
33009223
176548699
213599199
133525740
36743473
172616619
72085686
54739261
284476625
82675788
216958406
312408990
296333327
215751802
287556887
320832115
149646260
61700840
172563528
4353638
23110240
2950362
133598515
225986331
167888772
100328391
54673288
301137509
68575078
85928974
135045989
248015773
72483845
102497161
298790771
2249112
17863887
153102508
252230548
36510422
270749387
271127311
307800217
249643776
172953423
221886314
267167844
197190322
323677552
124011944
324605235
248281148
314586656
193974328
100359874
273223494
160955439
316872254
261318059
9559452
284049586
49448475
296731534
160830706
238233142
196212335
62237420
177784289
134615111
174894401
178603515
114418621
323401338
213531444
84710045
143886058
215131781
278380141
66556372
67137269
83761364
74173225
256171024
286144976
175106083
113061387
25523626
206706642
292567239
6944305
107611517
96724889
135700938
93385800
270555834
77434372
267028502
126849478
150563789
154827289
226054358
304070214
117143446
84216468
155711685
174937060
302575393
282006623
313638834
16653761
42182404
268210902
123257716
290110216
320167370
229918244
146068907
191133047
303409295
258070029
37756949
229763506
52373836
251472665
17386999
82121134
273910009
310762801
15446810
145290323
199804141
156413307
23701236
247108658
94129666
248757898
147158717
210006394
170041767
212090867
202535615
178850403
266388611
102613761
70000134
324942134
128279539
148509170
69960669
42451424
281394849
13741739
196012907
21743063
62421995
303347703
140950553
322867608
45791743
321539660
218386020
278189491
56186427
136525890
311463853
298413803
141893288
187024254
283133652
197650326
7384020
160598446
54532751
314828797
81932505
15926313
94507283
116126819
204839252
190849351
299258894
49778727
305759530
92179370
151769607
48540644
268044158
70015589
194001222
304148263
58485333
99723456
66856232
119357739
275449330
118649674
274911296
145530748
48537751
317671726
181525184
259477566
286445010
123462295
142385122
216071523
324038087
308135752
230207866
187757395
196167800
77299643
159988377
191849251
91772606
101946805
148503260
211710499
321403204
43566430
140620039
9648886
31432921
258054492
293952404
3769713
45213563
94505727
264141544
53691083
277445457
110303160
279827226
87883279
200912736
36908616
282154693
233310141
82038613
271000076
77487117
291997806
110730997
178641609
110297502
248890259
33028168
3473042
8357297
92434885
69129226
199506848
242096480
216274137
277884130
295675778
248981055
160818831
197929954
242951936
245064427
265613660
59020763
34951862
104493726
72899304
115283981
158376093
205570886
243294522
13014403
111546566
150117064
231090820
36081224
117070
45928906
85678930
132805537
118550551
6670822
166374179
58813618
127941831
184269717
46784549
115702558
99606145
24124473
275805864
259616355
107360180
120889867
144220669
175805598
81214510
134389739
221177413
24851358
10543412
313196623
148626874
76391850
121669019
36310661
80586478
292095275
241545886
161412266
21681582
47974078
249190548
294708351
185071665
234627887
160957859
79895371
282959627
7693428
273072288
55012353
157907185
240346083
230855363
71620620
218438331
190443867
145029030
4878951
262071552
162325907
70933518
246855220
324327869
132929906
189673805
117424786
74782322
262462902
225044726
226545024
296763800
30948382
263738778
237410617
29699707
7936476
2293002
221985399
263683770
224796451
224478276
26720643
169451872
24324090
193414351
322144259
219074142
59207478
60004786
251363912
149498503
226881991
167652213
33190348
144603046
40986874
250906488
268626725
79253786
95725627
109434349
173022347
230271554
17461019
85628492
202827082
121595747
87132456
124586522
223932192
116554871
124082441
93246847
217692234
176718473
185498118
52604344
140499614
233504767
39744340
17511041
95394758
194572417
298409736
198345373
81685865
291466377
163355688
131372036
161588915
27628879
93856755
89394133
267065141
114921095
79201941
237231312
128966056
211191520
240117989
776938
300968434
71842507
87367178
234229872
275622453
250039623
207770475
171721430
51255592
294870805
24586908
80758701
237077987
47980612
223010583
103387140
246470064
79853083
105081898
316055546
88011300
256935136
23907502
283325564
307074100
117505122
261546386
2286498
210663262
87678534
266242974
202920912
213385071
133755930
307836721
240360181
197247695
23161732
261570306
131683775
224523529
33373916
310660758
289637096
70370088
197501098
64690101
246097104
180232408
109197210
172676520
293965827
13586292
233927743
264337880
83121168
83877671
305738274
55022578
147015921
165027651
79963590
269036123
13427995
54535803
122821629
13931696
125689300
216471704
212645132
241315337
294023
309776349
223095303
28123875
271559855
40517060
128435995
286150615
72267790
51646506
313775941
117459048
80920705
107445283
174068579
27776140
250971418
63983895
149936012
318236848
56453431
75746153
129155119
92978986
210397925
263629604
115308121
251333824
61525091
25547511
319281618
31954383
200122544
98014563
148194026
29562145
173820464
163575791
195258825
272257918
282977161
247655307
125682801
38828324
244812450
275616153
299845786
139280295
23258643
226856445
36526956
209376306
289619126
5604289
128599990
58189818
132162745
252365389
321267990
10452948
254336201
230241791
173101404
25808262
111733294
285413091
268634615
316909362
279487535
179842470
58172466
85203778
72805533
190914846
135567995
234956413
299178873
323046761
172293474
313802777
266330948
300065366
261781558
263054930
16493407
259398465
157055691
90468107
285861706
193070894
174450985
119635963
66555740
149447549
315000684
257732719
81590213
135363703
227737225
126131686
1518730
102853717
146463039
42833374
309838896
321148709
81449831
