24541450
71189300
123374717
275633705
50822237
159780210
39760033
174246921
276065522
197015599
296267586
192310785
14065061
170852034
169638965
304885523
7257979
289868491
102560547
245530343
258137118
93330382
159332948
263629972
86629424
58741263
275436428
224205284
273661159
244122038
149103145
51100232
174681757
4639404
43636583
196014927
141131144
68818110
146146830
253844665
249158064
286610743
30662078
182371438
10369089
252421617
10848580
223984477
117837779
299783563
64240784
182839278
208632095
252483159
234198168
86500624
76146834
168445064
269454211
241094539
291326103
157766926
108684440
310948896
303356071
254546869
281386892
91396934
153538950
7448374
187054339
80416305
51633180
324909012
194093541
209067678
38691180
50065391
156487871
165694513
206641169
194119429
56092412
55747193
59218581
11906917
113401330
264452923
43074451
295341659
50719383
95198452
219723654
193159108
143990420
222459301
307949348
253481082
57304222
273501269
21906552
207914590
32294192
166523312
222136574
46368020
171474845
2707013
172833209
300392040
114457415
24371370
51279300
227494680
217213947
132200608
160698258
308865751
11076513
222657697
25080886
51006592
114980584
80648580
217819423
315364170
167467551
189285332
197398797
219691879
320509956
292589425
129422575
9018111
154956511
116172597
71347609
190424744
195763367
12042152
245179560
195133566
66942065
172173589
303014112
67258084
29227393
84284602
59004799
292231147
265820549
118900661
294098185
136423836
69706994
116834079
95957471
210554138
106181680
87105939
76428945
212833912
262826496
231895309
176494967
38901097
287135111
11531730
100792873
191679448
62050467
20258551
193332005
314359754
70476886
173541242
115300315
122688772
268958559
92852798
83855760
279078891
282202613
133526853
162863171
107255290
220591927
33868318
171421129
54458992
11029797
152296811
149494233
312964442
99346088
4292033
301562880
226841845
145027700
15155429
185178687
305441141
90831992
167347050
202484114
229352206
243224058
273494909
154998579
54570585
85545909
310600606
252360872
218377688
38943634
243088038
132699988
6974716
149750458
68172013
148511351
26076646
20395045
132091191
324793318
313181543
91151694
179039083
1677066
9730068
57445425
86091822
180996017
281570163
266316812
209806495
35366238
215523890
81505553
278244087
215285816
221869521
148645282
127924343
199834761
80715755
140531084
149451767
144817371
236797582
292124001
42137490
160356745
317456173
114261374
267855479
207006162
92422235
12749957
47596230
62903979
200733212
267003445
117038654
195472490
303196189
265027701
218755992
4723501
165851510
310958517
46850893
300928873
100239421
258527721
120370002
87842604
254565353
212496309
5568348
201136127
301251211
7875697
159926849
72279932
39961990
281886354
310329471
171027993
72690981
18376383
123182966
168431911
38378900
315171019
230153825
231376006
13359221
257985031
159187934
174720674
60400735
1846611
322456289
200248350
228670081
155502086
25854007
156801958
294028626
132512519
100575676
174362321
283213157
3835462
28979211
56715128
71872721
86993334
215072473
101221177
72255932
171942340
136441755
88587670
245659751
21052305
197412938
276522566
211334891
57000392
223017549
226326070
318334189
270725499
138839536
317994058
216232141
27423218
317525990
109582977
300898683
49132326
205320582
234403753
299752507
8904228
154695951
145225933
83534284
63735654
33352717
287917069
217603449
62480624
117719796
88919076
146387200
167946767
36294967
50472471
25485193
224641789
293828406
113570626
203243834
318098472
94590576
320135786
323934439
51681955
65953419
49089742
317995613
286941891
197738931
23458813
219926427
274072503
162234442
294082575
41329302
122623152
296725391
265978798
172499948
134661018
256737000
191731012
62700795
62441552
176081509
98080540
233054850
64248760
169591564
60452052
80236667
50449966
201493841
301704041
241123411
224066489
179739537
64288615
299242652
100731384
1359092
177218953
250624993
292034346
239429578
56296687
190209805
174550816
153587452
24655417
310120570
315076332
235602442
310584971
302265602
227061977
92849784
280944230
90750699
48799162
3004215
109902800
284582424
162671463
164471739
253661317
308748071
32277785
70587540
56965673
140687824
90951118
309729051
285590376
313126632
204874541
262784202
254171323
305216660
129419186
177149455
213969291
32551143
240810278
183989518
123415380
317472042
256670296
166184936
179731357
277118314
254811178
295753778
8220308
51633470
97507074
100263083
182271354
125623574
148930815
197049947
35756867
256556681
264665824
136048517
161650860
137997475
229333710
236990950
21567234
318294783
34569608
69723418
86571841
149168216
217827486
189902105
281322662
85489008
27908540
2164229
185181569
296079966
241585679
28872210
69289758
270938494
220138464
42989849
34565748
311807722
168666619
284374927
119055304
303137893
221324182
181758126
16948482
25655677
308999740
100350350
310086933
260914580
29642690
134614331
240360901
78833440
198679590
213064302
75310937
98945197
21576917
215304216
271361184
238997120
149988135
155469686
30746685
323741787
257197988
271531864
91877278
52424133
165304658
47605884
232190063
96242750
306630357
51567572
92513022
132279700
308475121
261092270
189886488
252630417
240821018
218630744
19660387
263594052
274755520
291465613
258843455
8514113
226676133
249916119
193017459
254381484
19397034
296100371
283839439
161257956
136272055
12056307
143766352
300265817
255876733
202642051
108335131
175471732
22599861
294947664
20144468
56151345
158223217
264445465
305624113
3669124
227116111
222336216
86900735
290922590
232216772
304299830
12480590
208631431
39098103
34774206
275200795
278740577
257977689
105866489
91164913
262050419
144425537
105783582
56227559
269031265
76924086
137471189
311586088
67572505
105914831
206001188
320566582
173051613
215470542
318400682
275052752
21827472
163789386
217204005
5469888
28053317
156062189
168211451
76505514
152651608
299259042
35740681
86805238
140429779
200778624
77250878
202752646
209436175
5275297
320708654
176523385
256209985
80477824
117552954
278724706
71628086
86950831
207194687
54681245
94360600
194201424
283449000
150236029
239808624
135221104
221406758
74342583
55268564
240815013
12425128
85488829
308671619
207755179
306016153
38637557
311587601
83434442
112413849
218353528
188493813
264125334
23063776
213573157
217868271
45098364
170911115
204713610
75913418
53187855
218195228
24777470
260598955
17282614
280731644
192235834
262477980
193259317
56599660
157451341
132937688
228295452
109964248
1969396
224371569
222699068
290001677
186174301
139281213
114435758
128750395
320264060
211258461
214975274
152356319
48567323
102420575
28359301
96700571
61426899
136613457
34535465
86308762
165391026
166560948
62587628
132909149
186713703
16403589
113691967
49248596
152195121
19203823
30384983
64155823
178870980
197576045
33365781
197016937
235308606
23332935
279385897
64158261
48953056
208588169
119840676
44497535
49304256
72487245
244016602
123590284
322670720
124524284
98471016
33567138
129160365
30802687
84970819
48083919
210315600
25210811
266598962
149141789
311714844
11992451
239113757
221965065
174767547
21452744
166933077
245343470
152480229
6541617
305636764
284678016
171747726
1684959
6950464
172654495
138680605
191665741
306414235
225691981
314193895
104678462
96544276
65472779
202401331
216027431
209880275
100795067
243799540
246210065
114841394
184099989
148260795
117970455
299109685
50281040
265718475
136248710
242880676
56400137
149361595
255298742
45329487
150471517
5238623
304271684
111789283
60055514
312601528
288451838
38760799
2026642
305950096
263020021
233515946
140324661
106632814
118688224
116834720
114121019
309923105
181412453
55735927
155619189
14893314
237072513
28468024
111986329
38257675
124831639
7570383
81987230
207746121
98391042
206585108
300733644
13916646
28959020
244108371
37550319
25409704
276934254
110540567
206213921
176489458
43716220
232908533
194313908
149488845
308167185
285299436
285304622
64442651
258143328
290141002
57174010
23554865
283479743
322795410
109198956
310815223
282793696
229646743
73597528
262433666
101560064
106115413
168183757
285759568
72915838
268418890
211087069
318932350
3096144
203127091
201726627
221995448
173141796
292294362
23944465
170474715
134888508
261392370
482394
76101775
168771824
295370123
311841206
231702968
237465921
18786596
298352133
63659323
200961201
32324474
102253244
199917040
255176566
59211453
254930206
254275264
167488688
165012184
274426727
67761657
64985627
200885843
220976057
228393871
46623892
133409997
52740101
52316231
307124706
103704425
313318282
94089205
251402687
60623876
23572380
37151405
172337175
304346593
254653968
25922778
66912358
232821816
184631797
196027192
231337087
181084937
253534521
189116306
174077363
283904913
254787820
273887592
139866411
313429853
162138943
56273908
127792561
87823765
309716766
263629005
315606758
98813938
239483938
117777334
27573035
94043698
116122678
315647179
197884012
267293444
307836716
278797784
252332092
202893185
313808373
174148357
113526545
270680044
217436608
49501647
121632228
129232238
28263375
280390669
189819845
44066511
136565802
299382320
186588753
163405357
213151702
163264587
88818343
94021882
108689177
320010182
305379536
36300821
244939332
238318171
79298599
102872827
217611060
77167196
245485911
283643425
197205423
32277297
8619636
111716090
310217317
149094305
287502004
181107108
112695927
174669806
57762920
222257042
12533366
220146125
103508447
25345485
35403666
108044899
17852711
251510490
1694177
194139289
197452444
288758788
134157949
300863035
105868901
188846484
138730730
122125296
178619592
79541144
313864719
313243723
38405062
209435178
97445507
228912923
244528893
47912851
27503258
252198063
10219992
135821269
104072817
191360261
27772695
94707716
11116696
201247832
175965697
55974987
252056463
311967121
181116988
198288605
289481827
273368096
212273108
187916264
93701570
92695164
217682567
22109497
147099737
120853299
130445820
49709071
271372466
103127311
100335214
295421499
106509605
130392811
131406993
4519821
323423902
160600819
129602943
158835124
159716240
242709919
247862884
231483587
5169218
109191571
290759022
64903277
157059247
204825253
272226707
252157973
2366347
76312423
112821321
265658765
36273632
170078917
202285475
52014636
147296505
288067561
165890908
210435351
322483530
130480129
255828562
89246007
62218969
322187134
210471692
53504601
283345498
207251491
244616933
239956958
35713019
242974761
221181798
88915063
192850052
74061490
18555720
67162171
278227295
73835181
12230859
1294716
184956932
312385042
61760647
214670743
209804227
51819260
239043026
294052077
87937236
25124129
3779270
198823639
229272758
270373561
54135197
114176066
139694857
190737312
288165777
267882922
290870490
172325093
190576423
71837674
317993481
6892251
67891193
276342826
152315244
212442610
251022762
63868233
246941213
313257792
322138282
161715206
161188692
54777993
64575919
89093905
214815321
220485765
89863273
78652789
130768665
167358150
206926219
283638614
231727168
160112925
127402704
36748076
292238650
19523651
139160837
61656248
320224769
322574569
43717391
295920067
224035004
112991758
320939436
28927466
261708308
126847805
79456235
313888715
241981125
184157383
6472325
294085866
218534085
158563001
113366687
295250380
246428006
13887678
154707746
298215732
186650483
158319675
80028873
166964257
94060320
249641528
100957953
112995129
116818268
68568581
140126300
18399015
221976803
286414566
87759395
79232694
48650852
217462397
318181898
201234725
39252709
279913630
274445711
154673011
103728248
195781860
321534490
248152479
16703455
241323186
22117811
96317497
87103481
89587394
77043885
310729727
217014696
9188698
295742847
232744402
197980185
179403938
141462777
90127628
135542524
164384468
218996851
140513691
69133131
241301787
47309126
291638856
4926574
38723531
77842740
316654315
136167504
281109553
217484124
210444957
44860300
251857757
283965870
157700261
134230928
243766666
4897894
268096166
132143978
55930621
131336624
181201467
288807756
25876417
307212427
54989993
99837729
102243624
161840896
218880880
2558350
97559726
125302745
181672410
266514249
161084006
233966883
98253795
174146720
269187224
170152031
203128949
47591642
2402677
11286540
198741544
233087484
254714765
277964814
47152712
269733269
15617632
205494894
222596539
163104407
1238024
243840760
219701422
173146473
118153126
140575342
84773316
243346947
324701486
226512474
270586271
91339750
316574886
188760488
282525719
4193434
130924991
168163521
70733579
268324577
9097374
130293546
2912901
111449327
315813539
312501682
26097075
303147961
24890004
128183035
197910033
314349019
188814448
318153590
182961157
26000735
276964313
144362661
288502612
53801828
36926659
133376959
262632123
200805223
205096215
156870801
165126912
88141748
188034743
270264868
272086178
313218257
156233360
173801949
158967195
137410396
209421999
268706052
202557525
151464890
115425602
25003780
242389957
263388950
280681395
309625591
322658267
315024949
309195327
90730573
153353313
212777560
288250542
73446967
135146731
104287070
124028191
251696245
48830603
313329791
260522078
6116980
192864811
44889569
287446862
289436990
3922255
163760289
33420215
289355019
100690414
211844317
9632024
218409123
216849265
217437479
117773919
255271764
147745327
88536971
153522163
90326571
268941325
81047500
73592129
189495151
225209371
137077354
5716615
67917591
256795710
68958083
122937359
204585641
57402013
175576293
205751948
59599486
182863647
208046819
13149193
271158090
174438336
277330112
288364458
52017699
12459142
259084076
217503924
169111922
74633279
107277205
256773741
310602346
18697025
267992389
141453416
152219800
258784789
65284020
137950915
172125272
113384747
153532866
230397829
123026439
263891105
112598189
262055848
197157504
298464963
90099564
19324416
196659615
291869207
292855118
158147541
26553658
88803994
87711237
86544866
178915716
79209237
154544506
78149569
5646817
306553810
235455764
323911269
20196145
115069507
61354812
103138211
92699237
112058108
121230745
159805214
299778690
79598421
207802883
251274020
101673168
236655734
94609836
181293137
263586666
143574344
54045054
58694989
292754958
75944943
55511694
281643135
95407345
19695590
54513681
211885115
282379314
273974864
249652158
192581213
27785355
280939825
300435727
81594242
304168164
182736955
13209266
262540922
43853323
318102275
197633537
8014357
273670672
65382995
37532675
132081994
106183983
220052371
115553364
206064038
132663890
288131864
205588968
80667568
328866
9772832
168233297
61055573
187102688
145627998
117359316
83370095
122657750
45033048
53153615
171531382
96803591
247923108
66747395
225732119
5209803
104207329
285704266
211405691
149918225
13262774
164077207
277788193
306110970
150695422
53205796
307422125
38698954
61530476
240796821
93450467
51563241
261193970
127303869
98503627
22536061
223476747
113500748
179437740
63604288
299512361
115762356
105749207
324498512
59755728
110995606
115727262
165113168
57187140
134889159
181263374
2048026
293478552
183823907
39303997
251986476
164201191
157564651
301567418
292009344
294400815
237806165
52515033
302178591
16607230
60684045
212979165
279188947
214153585
144187859
114187469
4014624
127150744
233856233
6647249
242195812
311399844
22386080
2220767
270828465
316370018
305036130
258982043
10610773
152015879
21584144
190186626
92821729
36998091
28884515
111005284
10809115
100126408
193469786
82423651
75302764
218885191
242430976
56355351
45721474
155951077
137943353
119212313
4335897
193357761
34405467
273546697
105195006
278538463
99261645
187851171
250709535
116554244
32709975
139760898
211555944
194762101
268077478
315565211
50846844
174202045
71155844
141340560
176419906
280267404
265775516
227772554
11546319
204625066
115985389
35205588
152911284
203119908
319127433
78965864
52632731
79279752
311439523
165617550
187451573
124875717
285578411
218942410
99170214
9236201
150590484
139948063
17728063
279582019
177364840
140973910
169513468
116659049
321644674
321792771
192645860
236737858
254477820
278963259
259313658
27776491
189549669
180372145
8777329
136539741
147524742
278863542
147163202
269020415
142956794
289842914
143888290
68660325
239153624
102820791
295570015
317309939
277278015
137717996
227089828
65314971
318149757
221979972
100702549
87001556
114371160
117694317
62728136
305903091
46059851
290353206
108468544
54293444
318548492
34535908
45809911
93062579
82515435
157630277
179933405
257462386
224153859
216939783
230728259
179807264
49105197
216018327
97346550
159030892
260156680
273374417
159201767
86070217
115513811
241490709
237998294
249763167
223678643
928865
140750025
98757223
40886856
267165354
13978616
6227721
160693783
188758367
296900824
50486136
141083576
295677212
111995982
210573156
57841703
1321678
106415798
143021532
106125977
86374471
22973467
62362757
146998854
111586385
153848160
1084883
252491985
168663718
317019777
81698202
227172037
80909699
258952643
95943861
7308003
180885290
25173000
234407169
188742947
138635187
201408096
68596723
317179132
23393036
81331798
175463426
174824885
121646580
191138055
226614514
65285123
40138825
18912910
150409914
132221499
233453176
176300169
296304952
166098830
278767369
47037518
150639246
242824885
202268567
211796601
210417942
43196216
174500506
52718570
89382635
169370582
39230642
213394055
247932811
287307646
49373143
289678949
196389945
44978043
20185385
31246695
124707636
92013298
256850377
158268049
294775792
33936467
289956488
199689293
105023629
238637625
162043864
220452833
253578152
172094160
66591626
161662487
101672556
245899917
17735759
97417234
102434086
173864242
316511595
307594404
172699564
156810147
73643740
137810879
164851108
231793907
309626892
274591104
91112860
130686589
288847478
177036134
148033827
9014462
269130428
231476384
233037892
300169596
183774159
177281253
211836740
12359077
20193287
17863191
298029782
300002851
172784821
41978414
177508381
272323781
107674940
206202352
121293488
154457160
281552035
112744075
163636163
268800542
66644779
54963624
126643166
285253995
25139607
67735285
214768366
318406895
20905394
140419572
15353639
69645116
129251092
160632150
1563114
116871156
93706083
305004974
216499555
213569510
167991372
239118626
121727100
65453281
271684149
298897353
245036512
323948383
199598966
72580242
83545860
229635313
51982982
92611343
37699559
291836167
116062075
63058931
101234308
161922752
82143978
295989792
273476882
119682175
307004071
247823631
178658166
75539611
225285271
156433991
40774381
107938589
6951788
2196411
73242393
36628775
311699651
85069057
299013958
140292339
56605628
82598913
147291103
309219846
4717845
5320996
128713419
310137173
62382031
281640313
87913090
236222413
89502888
173727036
222167465
217618022
53236451
218183340
166434765
169746525
78816290
146694943
33912445
282997786
90956937
226081396
289736689
6142364
321609946
282485300
302221925
296168815
58741616
127016153
52959429
162182082
172123925
66108205
173120945
134119575
295956311
53982152
178802090
287309319
5662665
123348308
197240130
144308987
104511989
227807718
91677610
43920417
138408686
244307256
45813336
164897500
136642874
87352778
275637541
233169981
233100036
27864736
125744379
172918920
217690736
29905180
54764317
186548291
171022761
9674939
237936155
229246393
73363017
68703985
454297
177973138
209314890
300560151
142692036
35810529
299942103
197471464
98508859
87934426
310137903
43471516
107934637
204477114
311377781
65677810
270600181
96022271
183268208
57314639
96750621
15072084
55884153
106899384
56430039
198727006
85975145
229551043
288063266
11495427
306698332
192068932
306142877
64039590
147130795
3355605
35101938
120517902
181209319
232784811
158499063
19283166
324345654
30656121
262214629
41740195
261947472
241331341
121690577
171958443
189297959
27613840
100449951
225823537
100197418
83402061
302038571
270021820
270486900
112380381
103433670
302807005
282137864
79770065
40850799
176963236
260415307
36482346
283613334
210316255
33564058
284127549
78282155
184283044
144996159
169706363
170246265
150985605
37109857
81705464
242119287
229836694
185693179
97144056
192161901
88062726
16082503
33709160
182960934
100950745
196531019
7517563
138727969
250004835
7504915
6931033
291422190
221454464
247760552
131659800
9332944
76947908
282285288
188555749
305439562
167800230
87314612
146815716
253740412
23296453
306138784
249886417
40250682
75974988
61237077
72895564
284305143
111137807
24329422
238447362
204932876
234153519
248144382
222955088
162953965
184999301
34848440
10661478
153678708
254457372
89845889
227397310
271105955
178936998
282415569
233586997
66941677
12594791
46383927
312935617
86502384
279095671
67255691
532687
150777773
172646135
108262413
262988473
259536540
239321684
138568064
43153865
33219439
280387534
32259112
21118219
96864852
218522802
109993698
118876758
70598389
247900062
145432197
191722778
125102284
61706747
51369298
118202930
20042437
252917903
204335874
54838114
69914329
235143143
287803306
20655741
42850775
278161250
161387680
305966821
24014200
100399626
36410814
143154845
221152916
99801877
63064493
100404048
105619079
48591200
27829364
295635912
161518374
230288757
44843655
31268397
82021884
63214520
277485421
323204559
49885907
8680448
129602206
130152002
161910933
91361032
258397924
204754942
208320015
63228552
231621862
122972786
87851279
185920498
259244234
324561721
187374657
97055446
93310745
213413179
306576780
105630669
169059661
272408549
82015684
279983688
79671423
318656783
124265661
212465095
131405961
65616
235827280
125134438
17646310
13133258
44021856
221223863
190920565
218947949
135877022
130522165
42713777
127914345
310682435
218239699
10928397
160182891
34563492
60138351
81298933
236944378
106731141
17639571
235754084
52591883
211616075
216964763
154484270
2179712
260133707
109362680
238270011
264013617
84742685
13745550
200972942
270379802
199159086
152359105
122864436
154167815
120048571
320167467
224482073
102549287
83998365
318506273
31792938
4463126
284799409
244365918
251956570
277427595
113135640
109668475
24558963
233467969
36874336
73117968
116652301
208202704
7318623
107425684
73756749
224436798
115460048
206264159
31964106
306988303
274343968
165798897
71207273
93155742
258337952
281215673
76619535
63072862
286084814
216497006
33023718
123568258
273245711
316689789
34224393
97133874
56483558
52290890
111416597
213179665
11995412
69403722
35626086
118227198
319893970
302688038
196411090
229730540
45965202
317003016
241355914
19763521
299755477
133049166
244257662
87028132
162247747
164565085
240155613
1438468
144984524
201889206
40228484
81630215
210892446
185795924
186525979
310087461
25099289
163484141
210726596
40072477
106517738
166575349
29948724
23168439
45649463
177929912
314985807
89067471
272308403
241706504
92966689
185281623
188434646
299859565
195276259
254968044
139025532
97785484
305872708
68692578
271449862
190399797
696774
234085689
8790869
94482228
225795697
84451399
169170758
192777991
141940327
19769063
42949096
14488512
11056476
176025090
88824240
291201938
111406364
77132346
217740084
45635438
175092545
7738538
319244252
238852697
68892664
112038518
100486374
137656574
320937637
127819044
147279523
151802541
45421031
25835793
211561675
31167472
215421837
320326588
166214495
218301314
184471017
312658254
224536278
78452910
164069982
28653393
110087370
276099241
318838845
121967652
183972688
88797553
222431072
80368930
18382463
33571695
94869303
155750845
221256733
237295429
33232819
218142844
145711432
29439707
136224623
262710091
276274473
16961044
213305708
194985088
83896336
317956853
239988044
21357769
271360283
233664667
280902001
173302516
98853685
283055694
292417534
197717219
146770273
255538324
200412584
283538680
250917930
279328330
241766312
273733969
262413768
48045542
72197795
283955904
303232367
307801737
114509559
71980210
189062500
212119432
249618097
295297182
276071658
16023979
66795196
12148114
66650763
59340184
82204221
39211960
232624490
137011522
198084425
141765923
43235734
109788036
285724902
7503690
252403093
177021035
93061213
307049765
20270489
19398785
9867327
78398431
291806667
121448637
247166215
204460322
308506205
135565482
208072474
55861948
155004339
166829887
173529285
204495824
253899315
49810046
474694
162368132
75728301
78664850
171734365
266883768
279074516
22154163
41937850
204447131
252500211
113844617
299841969
232619902
247161811
154368819
160891176
134707290
284691210
78971442
276260940
12588576
188435770
234378302
56479813
271678058
252669159
64259274
27224079
23221006
111871725
2125789
111091486
35020840
186593147
35571452
269310551
304923160
126023794
254285865
155125060
236975692
212336139
161854408
43214718
224375478
195068799
123773568
152907172
31700793
72103162
160000484
239864985
305337489
142691656
23785478
1406965
100803553
67046086
305053045
88130041
48969327
262267828
222438028
1308745
130125094
49717396
119187750
138137635
182656025
71271213
13662191
155316795
42389307
319572344
135590172
184502218
12184034
150645281
223067872
44406651
298982304
29551344
56396997
319732014
195214590
287090248
63257955
167993369
316963420
207508598
74293988
85031565
142494599
282116747
185639655
300512187
54935742
236187003
209203926
55775081
140179650
290466158
221312125
94828632
82797581
319537363
310984919
236905114
228138746
76767404
127890004
81950975
323431603
90670842
19324874
117174594
130449511
157297604
224745052
77333336
5922673
173705503
239909180
313921309
41459815
134769789
46037469
174086250
25523950
280590252
98178660
80837488
291026446
173588375
145396885
106616129
248070748
94080574
95915486
142405140
213861297
274491841
273377530
199576623
268207403
140012458
60571439
138121409
124488323
132699377
251610561
317202845
218660694
188985408
272460409
15528266
3670188
324640236
37571738
264321067
224601844
130108072
302215485
134728489
244519228
35246147
46368807
276151312
130777704
151675837
232120163
90325598
214562037
163422128
242006141
247222615
110939546
219010202
223644194
41416982
123385272
309062872
11508706
13889880
181928937
39030945
304715371
204467203
53727010
234958090
211393668
189645546
133077121
196269815
62301663
186434870
85610033
5792645
170474580
17383349
304330501
260352523
120286481
232159106
104625587
218133710
321179507
228144200
282507148
282168144
46141065
258096899
137194046
217965818
170164640
263320746
283828711
254564826
170781917
301415189
311025466
33409914
32949233
197858270
89094363
172104747
126140631
43971087
145540124
89820015
313681055
72137192
92554318
284493685
321611944
134864379
278073708
31522601
61870205
171528770
243586570
90057000
145200689
258628619
103956668
58178350
73156240
123315625
224529659
256671829
170512898
298343788
184319374
153872252
83586665
208931349
244765627
95333460
178609032
301563381
98026725
112625412
285332634
82057141
34319254
165633471
195240501
240711920
267616008
315080396
37845466
18678092
175014498
224112212
257015719
141831862
128496241
244826860
21309921
53127118
58114635
161594109
96258155
17908995
101234627
173466306
41961658
215321509
64136965
320236211
163479602
161104151
164587204
67923140
149464728
57144156
112957427
322663294
274814680
63107812
261665265
74026131
273674394
153818354
157887697
229270732
192342413
281695968
627075
91564897
272205255
81274905
177639195
302900083
114631208
61787304
211713310
221055214
96748245
56677236
22350857
99156725
46384764
62633144
167860768
230100694
117003262
61406978
180565025
287043540
213530339
253650130
283220707
217578069
60209521
204066243
176593227
212444518
82741029
163520667
130675920
305159726
184981706
65393534
57518398
54148040
195725894
191550501
169312801
267480783
237836428
223390300
11247922
126913301
240783675
227267283
301705871
88893681
198539432
272633314
152151986
80930292
3075554
226382340
241438163
276206103
301334022
162060074
184124490
230076003
43011912
304636873
83942128
290293327
66036998
137352031
40817944
287431630
247231611
221868902
15581504
191960953
239745206
276638215
322359789
56156722
10549545
248512601
14908493
312548988
143425380
7748491
86289585
241663883
273158402
292900620
4544152
75412735
68278472
320120913
110036209
261022140
292520930
304484854
15476982
285723250
84725482
192055231
269136839
72781953
151962873
32459243
183627828
12565207
273783890
219907764
247558927
4183842
178135771
274748387
304049211
198769646
166433561
273721059
12792480
320867480
318284225
56351668
67935576
65327057
105332114
12502197
286435470
281835592
260418390
63465829
48219224
150002754
237468951
157344150
65425800
255843424
127617295
10257789
75758462
13648135
185802912
263462866
213281607
34503940
108669629
100646761
52483261
64359046
722257
180897737
49184494
89884385
10377663
93617907
95770822
259096887
7521643
149154836
210788131
20418801
215570912
16710571
99895536
261740309
267245433
81382003
163090155
113651675
15153173
262776719
237931604
175706569
234457889
75395948
20335101
44990045
147083686
171189332
197104691
127344516
72279345
100083473
269202317
64402072
175064494
48163629
122247374
193205032
89464623
137779302
217024550
107914250
89869583
233046299
84924930
281216492
293860391
311792260
271890246
95267461
144859547
292376575
141659352
206065540
158441558
191418789
283381366
78389196
221113805
212827431
257333815
25310177
321061398
75137668
9165258
270521840
61071974
236399690
312210447
98601252
111577624
54305084
226788203
260084432
269979101
300241948
114569279
200786060
321405070
139235843
44406079
185757663
217082862
298997508
190005729
186558789
296690449
86863795
262900666
208461855
170838385
320988753
141501686
258692749
134229996
215967132
21674734
164179342
35499243
266844493
264066337
257391622
6638482
224793228
180466893
269788603
152732945
165854513
37020677
271061122
103559838
254350605
229367925
124120120
312598168
164988007
14011084
199941118
9095402
205196869
136836784
106808126
109909818
295798535
256949475
111497874
204715801
80492818
68496139
4547643
267493074
170604695
174332045
239306295
144905901
229108311
102566550
202536354
69125196
154911191
228282604
46140298
321717688
221349746
257641606
259593325
108448617
152479387
246101719
276225549
223843434
242070911
317293076
260893820
83321269
148395339
213857803
220572330
321414682
228644904
313850213
196363074
13170796
229526406
494570
48596325
6426614
77027334
243540894
174519302
266941595
276223791
206410730
114890373
197614723
305863927
285341013
278757920
183213030
52579223
159509521
12658303
103356767
132933733
120693662
213298546
214179305
100183497
223666511
82202219
53221816
48707870
155626118
106532214
282437483
44188281
254388673
233507524
86155830
192851326
99606567
147226264
211128752
249464015
220838218
75169943
283235964
316325099
119066912
293176936
82360357
95903077
321502123
275669388
112849001
191926172
221602872
315677741
129416296
128571428
167853896
116467772
63973733
15252927
121624292
11780367
252575036
123716599
80820726
28106962
292729801
26167776
208514540
16070159
209717534
215842031
47006571
239804164
289415080
254342660
201673145
184072475
102634721
107395775
228703868
7771264
242297917
164978529
240430483
120945120
161861169
212741317
113371695
102659698
213038857
209953977
41289382
17014965
138433214
103284955
60206232
94891456
294916060
7306877
289838184
141604476
251078098
25736770
38688115
151211337
289774826
140308633
199851722
62786653
169472791
298500666
100385966
