144573361
62004163
188862281
233547430
323731399
24584732
134523167
10993899
112766459
223580100
94358684
102025406
180317901
11255501
13868795
9091790
129581485
235466723
92372584
35093213
249386591
238032593
103593313
121095931
64411726
324158664
3462448
212347542
77375663
130455588
105868640
324314955
143783132
187335206
246071795
150320182
312160508
291943842
253450638
312289018
288673059
288143367
69451528
89436507
174080346
29356134
28322263
188739417
138137657
133650982
303092208
119144923
204299540
185040343
131204680
295603918
3179513
280779294
13097153
126330694
137709462
270146978
104862604
45140407
162770278
248389903
114687133
243036867
44067888
141734787
296158548
114830049
35288404
257075010
252437603
200465864
196712340
301911811
155772061
214312037
122787221
163683532
228524527
247648242
43290430
297694027
168097051
172927245
216859483
321361633
193893655
7927831
89791467
302193059
158518364
190908711
65319112
255084607
321766477
301705093
324786269
294884462
78999520
150757941
215648852
235456325
179891045
39709481
130469673
48102894
42042322
59185214
316961344
316996562
233116296
139865133
150911868
131386265
293356570
257886440
5391157
98355018
141931006
263173057
65772169
146280816
308618955
63161976
167900085
248724822
26112149
251416896
246052060
168034229
131655664
833393
51229223
25868455
324576217
101649241
36772944
316346551
164266416
321834923
175371793
34905174
309632506
31300553
14065452
48748951
211321613
270543538
47549351
234426433
24898020
279906569
46026731
86878255
189432634
270802066
215095374
201257717
195318545
205109686
248523935
22267017
298546177
242432263
155715580
134513235
58789898
235911461
297624532
44608506
202853703
21153671
162771758
151300583
143787352
144420269
295797450
210965351
76377659
319934365
265303557
25757670
69173346
210830941
280809255
9929062
224237866
294007628
317163706
73148859
62988549
320764678
12388769
200000396
265421460
188514019
6602053
136169638
315444285
279022370
173370524
94957445
198925448
316370613
163495738
219110020
229417561
184397440
90719813
28653323
282060425
235462341
66191165
276644621
312615028
107476609
227257909
230341556
282540791
55553051
81939983
94538285
83951515
152464786
141842336
312898122
107929421
317408809
136700912
22175383
47687369
190459985
210696577
95118570
302130214
187390800
43411269
202669353
228566099
48383615
101490906
314199688
178328043
62893514
37459341
285152755
81176787
314093089
190522043
147357131
12704338
250814237
291654436
18621155
142172178
121961881
91471328
183955897
292243712
68192092
177045892
257409053
255296751
133568335
160096707
128702449
233756153
149316870
165676185
214601623
157735415
10808343
313719100
211059202
85734132
258423435
169186319
18966913
141112703
239220879
190998814
256831176
144295417
178266613
74940577
248259194
98909966
226043773
110971792
301460011
315165752
321734676
110264800
61995802
239779671
309355305
126893953
262715557
6962850
27741748
181324247
63949826
263308866
139999227
67013260
65297677
131581832
282687213
185469112
75011093
187463087
18258231
76313759
58730186
108968168
81931122
12710541
217123822
320638581
279577706
223592171
265415008
310167754
35103432
184227742
295816254
282537440
160845572
143146934
243227312
188453576
185252766
40880385
260578880
128596056
101897470
149091154
154816250
92822112
61675141
156152818
261210621
127874762
313274372
132431394
191705713
40426286
5298123
173934423
132908608
248847940
246863664
83070830
313939403
101333819
132274502
209104199
294219819
131603620
57349740
100276464
323544154
251958550
125969333
229614304
54098951
301203774
60808779
133614888
198542497
177479683
220610855
264673066
157332549
28404635
11380819
279551860
198748429
260538944
92674980
110374722
167148380
6416439
13675269
137485093
195153175
287203705
223010883
195654262
60688314
240448581
197316969
217544103
87407061
61481111
98469722
271161388
294251945
320862283
5374703
102605130
91287531
114669917
221782370
180534378
197218540
62253827
63437400
260947182
219430530
281813940
223243053
242221990
205906538
215578456
79562960
62770660
33996442
174412681
235374677
115069955
6744156
142029749
247333924
126588266
237410813
24114523
85669583
201538329
243595444
163906769
55201310
235020071
300294371
92302783
70231592
257611797
196987241
226762312
241358071
84268136
275995224
117741101
48769936
81639159
233896728
258469196
271986386
201920877
287460879
144569303
305724367
184147906
11109748
210063315
191876127
86482871
106262389
228512120
101576890
77976046
136740403
209015871
75745255
197762771
107121037
18849985
127884905
143078337
35276600
58589108
179716989
10349262
196541035
299870484
3887810
273964266
308583860
40591957
320744096
226406078
15009648
47086151
111108641
211947346
236075334
233910710
98962005
35949102
143631526
74595564
256235372
290461429
309858285
108048499
15639402
71754000
175773475
109130341
126728389
202199445
201206918
197909980
245407688
250108416
116545134
201186210
207238923
124808204
270541611
318664332
252968657
274644002
48269595
17548875
22064109
203261521
279366670
246892129
316764779
136401568
9548026
231782645
230920968
16359083
305176110
98163128
121169171
159308173
302830528
78509365
250815868
247641234
237704793
274702751
194127272
55541470
93673564
127622702
126557453
159911349
241631452
177590051
197494460
45442306
112561216
121419677
304869860
218346790
161303831
302945431
231045333
264380947
55614594
23410177
180243782
292692283
198537206
199887297
55619054
195921191
203435677
213986088
314473330
312099545
279352491
17545358
268906021
200715982
315095602
269592366
117659130
320910400
210350223
14386312
174659868
215570571
83768791
18360427
172950204
10857582
199763659
205020108
80685432
254417178
55970887
39136410
164175096
97508054
273880711
170321621
121607922
36871233
280611725
23206927
168538242
252876249
29978018
163280635
125244605
205989549
25398245
321419228
72983876
280160940
298541573
3521982
148111180
8962890
83795973
125411300
239833313
80191908
8068613
283412635
229883816
154318116
61105855
184524359
213916192
59742254
206060220
17035261
289878132
227315944
189729219
211703875
165049205
85541461
38916684
112754406
30705518
185947941
283598102
92533645
105081475
242908784
110506441
28346478
282968687
221492955
272649122
185818679
5449557
38218617
21245290
261146770
24610
205907451
130484711
249905343
234268510
308083339
258362562
194347670
57709639
141698770
47979
284205237
4662712
11943540
243606178
37274713
61463877
320542653
210235470
126978260
223934514
176505914
322620464
280194138
158342568
156914230
260944550
261012848
240764945
138241548
197893201
23257231
180978194
48056766
199467744
229431306
76924123
318843498
162206394
270445492
311303899
290040244
1979211
116174512
245485953
126149890
226770725
89006737
142247122
238877115
37021786
314208024
488223
227362808
72081273
286145038
21454210
121599154
45597957
268104336
1204814
274524978
140514085
280588133
170404367
197644992
113761867
110229937
66224971
248398822
210491566
85083041
125863582
18356158
224164962
258675680
128107280
217322201
67573840
163112279
122064106
130537745
28232800
206072645
7999546
39823886
252411065
237156927
206828850
278651765
303292607
158082159
287440515
143849373
276068638
307792940
231293602
160157283
63658932
39231770
32287992
312071674
269021582
263901028
301465744
22405863
199075068
675777
55507843
174130060
282764734
123994999
146682918
12593970
246030128
207946533
272203230
193512892
109728253
252552424
139616488
123683678
153594809
94721221
65017245
319794673
124277742
170335254
40044288
15494650
107011620
233883021
52591639
210262054
35813741
32382292
160204559
142717236
20710017
11219845
146919038
206506026
91863746
240400180
14882162
206530072
22830323
296032524
156618399
260594191
313032042
24968508
216554346
220268722
14798993
265375603
26921759
127512960
149937786
299342973
12665531
33003699
324579065
48712287
241410566
61808484
280857306
209200541
95963899
154247499
95907525
8653315
63916012
269489344
269631628
72320507
200896435
194924459
180590538
293542239
311895398
253475358
159707969
53582068
302778092
316014727
273154079
264682145
139486904
24422729
73609662
212355585
262641918
252710800
267256782
173460766
41162805
127558691
296422124
107339542
235444069
312582042
147786361
106068641
321331296
63196427
123006584
94091632
92381913
322668138
236870667
31616834
6938965
253574868
106294190
70718923
184021083
9429417
207465811
289948851
60223747
114340703
53563819
32259338
224273136
13607351
278954679
111277631
211114307
305158130
272035927
293721356
267712347
97960172
218220134
203246595
300368085
287179344
267427368
133479036
228770705
38987321
233343422
58324626
312244803
287971094
171738466
130918049
94057168
123661541
198627126
79951440
28635279
68498787
239283780
246325003
257647152
85024184
97133568
113552244
156427577
136174250
63342462
222907045
46177912
255756538
23520660
114236957
294817987
232065971
281863500
83369121
29593270
78711577
20273377
165432283
305182311
5770107
147420648
20037702
94770457
209070109
301661067
288511354
72599355
205494767
132837578
60111097
35910059
64601926
5826424
230907085
149223124
185294039
315460610
72216148
22832030
162048875
254585652
18041466
286070991
270810305
251480788
104972124
77510108
6647963
53926309
270497578
158144831
49626380
54557111
222765692
68770011
301096012
30659614
223680302
23952562
160779576
269001721
323560038
292483754
6201000
293071717
137991944
100502683
63360332
263193237
66703740
240782687
215676633
260877974
65560322
174646484
146616636
247679276
15728670
33100985
65832612
84984339
323882832
31388695
104066912
193190793
97782739
98324016
130124541
49682564
8954428
274593422
148981236
242975100
232393308
91806745
209747080
81418231
2649521
173982955
20623074
130815307
107268635
218338727
296231941
301311338
93562938
213172840
157443732
239294550
41592014
78295762
310993962
218998132
73087239
202950194
248821916
136493517
123396441
307516168
222233215
156511856
246457011
164164011
144246525
9258879
73961874
20220598
102950309
66129847
63137408
278217515
304752872
289583041
310184932
4210850
313183073
140057884
142527264
248460002
3286801
156042359
286814899
28980593
31941494
78576660
110565255
89290327
157193115
112044765
5350302
214013143
61936839
157291343
30738962
163548026
258166089
190292088
42536670
133412853
147934042
255806354
304216522
172627544
138716331
35929495
162641822
205123329
71329745
30400038
249246786
136363867
201813922
304191735
131424808
225240935
232980379
310744188
231916308
31387009
240779798
74654358
62965340
96763625
292276279
106805884
93226226
114462922
217687482
172350399
67412440
5238162
78088398
88360649
124303547
160108779
54829917
237991492
289899867
34959820
62393155
79646270
309707184
128480175
254782638
203583783
252012490
245510939
7209123
123010244
255991322
71201478
140734043
230611511
235422707
125462934
316106765
132296721
40739275
139244850
156822465
230422175
27792722
207847036
212764313
99683421
225384967
133866476
229751419
171988646
171116377
143835303
171414265
252772760
198574360
320282450
101237202
55246321
225136365
153665912
125405566
295914321
292521278
167210466
115102639
322200795
10041494
65444070
319076236
183987027
78300924
233940674
43926255
190134733
79477683
78341904
128245050
123476795
16719044
112161831
25771649
56572505
55436485
130915438
23243164
11004016
180578559
221608762
193926891
22324801
34706843
132547427
312943697
69975305
178020084
143875105
172665272
37421418
65935035
179610794
188952318
189177245
299318950
21815440
133669702
313970269
66202954
119669242
304487351
47994288
306938865
90638937
261441565
52546782
305365339
196856416
60016327
31117720
277768734
167247780
217315818
46293805
200788612
87181233
226427244
324368958
157747165
92954292
26895787
278103601
304952733
70349967
111297463
300165371
270930097
289461363
218118020
291762430
94099418
236609357
26488798
173222375
37375025
66385617
104899493
320548284
23747288
39279595
104001666
269518819
19955323
172149530
289326397
167870189
299385487
146685461
155465077
9689951
218840478
317948537
271319621
102270033
242526419
211916946
100149118
306196480
114727011
31655212
32509618
277101317
308522956
59682997
178544065
187622274
183920841
36474536
36501287
297675528
251134058
45804804
317858290
149752207
111982362
272161531
5446016
92640095
209275830
20400571
88844796
166153236
49639861
90446870
222939248
299822302
101418094
98331604
2475134
108096888
205837771
142161546
117604260
4748173
103415121
132575790
47738429
238187478
122897811
69786081
36504923
159383531
117741401
162386267
155978012
112322864
162825815
31286857
177367871
134409139
51589485
75625376
177282027
316723572
170341352
210654844
125481997
27910207
109084481
2845678
293279199
232057092
256720314
131943723
229540649
229067420
3962341
181672177
239439129
103487980
92677714
74418903
239103921
14393816
5105200
317787872
183182879
206623488
176193837
272937750
55263709
194491081
28374742
131673191
237952466
303756734
253272065
72130391
323342261
257247401
88881588
126757239
121722007
90373152
91309327
91652634
181902559
146901098
71100721
105860033
169024760
251437863
21174117
85019790
100576650
2260169
174913674
119697089
303376746
263475365
25418092
178273438
184940396
59289047
108762301
93668753
220353558
252825580
23353720
164758090
256655013
208540139
147788190
61366441
268095096
204680063
6055067
140320548
318179402
156746870
142083828
223922907
206309157
320892704
296909188
161151073
304431313
322765094
107240163
227505155
312210827
310495081
46816522
197671800
89239925
295311092
88564358
158558394
124097058
324238685
271518977
323689530
314102918
169733607
238896643
102764417
86862829
276240055
294774909
89541284
306138818
187660039
106651965
316527758
167838028
176163727
310425871
115621199
99105621
115214798
254219916
121382416
63166389
172104326
174208265
184677478
193794913
310875105
271015283
150817515
244510470
181567510
280154236
100523571
48803960
217805190
247645455
315633535
132242283
188561463
314619756
186576688
173175084
287919040
3393971
4919101
254676610
263085066
277356868
304676967
322809199
194096850
316980870
263338509
108648760
187427224
187076950
94521300
75299990
286771569
237131052
109008959
5372956
224310713
129743257
177358687
167528921
266136667
234325077
246721547
109924818
167529708
251050894
93655693
165239802
162747515
86400071
245787678
261956132
324848579
15162602
64831896
297305160
44372938
133678784
87090452
46416178
92255216
34606162
136639391
6283711
58116093
37687394
121233632
283337368
73936316
13719816
160139865
315869903
127000357
288859372
38364390
297162709
283321066
161171255
117299549
173194872
144999333
127485950
231772811
215482225
200963490
211395795
64272768
29424531
167790534
219032105
211086616
74300462
189232223
144019601
203821212
77632375
49738240
279256768
285331931
71909261
285804988
13667817
71579831
208234365
13206201
159165555
307062898
145666456
217886325
11898360
56562713
68468287
283829134
104942581
69384671
294707789
62196633
66970578
56369104
148235137
294063752
86382643
111523914
190428383
193033843
187864596
308966054
184006322
54217508
3619105
158058410
307908330
41276846
288602770
287689437
168577552
97140653
63528331
285152318
297214791
154430712
229886736
219278342
59074114
282638394
160711534
229501579
50203501
23731705
29916114
193492874
121180168
204578505
118167085
189925384
145574961
292662269
216012122
115084847
76295173
202980488
89820064
47017915
112369147
281050655
20299312
1839069
3898771
132774413
151777419
147911251
36833254
1430016
183692431
314825296
181710395
66358615
95277648
293920237
43221034
217134475
58993126
60738745
206974003
92353882
317581173
227502726
34878414
324264458
137142418
76506560
82531770
274386089
301163123
292544845
54254016
101456171
52818598
288697061
73143653
219039041
210752264
112055602
225317479
35161551
14719358
103525061
244428455
51444699
254375407
112666248
192330113
253296035
74470654
305491728
92721219
22683491
255516020
183170291
281820880
130923923
274164327
188677887
278928280
320004968
173717369
214315065
22129440
90203269
255079044
263220430
55444774
84168397
220401243
5624629
271525650
213437064
21931595
137139152
64070131
275745730
196274323
209990219
176615753
205255156
83676135
76039658
129201899
296554422
17253400
183246942
308559843
204352142
311644235
180615346
123315913
107348346
312448707
206396292
21663577
151380895
220015218
148016540
235185019
173467681
27300486
315268279
232566895
92320661
275250342
173010695
108235679
166484247
297372922
114174894
254050922
295916796
280545067
174353583
306889651
65919958
16829747
163588592
131657529
109544027
288613453
255563655
264993573
84637080
215134163
125536537
231487412
283145647
293076201
87881515
15118745
40223982
146982971
296198673
144331931
303508997
15030974
260419331
204601151
319634108
3243849
270725890
200250528
90212358
16806644
77957812
246348285
65060032
313798748
152307823
171787279
230840949
252143947
159003085
287394160
269156019
292160926
276969129
145802412
208679346
126127381
107258415
283034063
286439385
195365555
126059215
172037662
5620037
112920848
266432287
207376160
68013672
3758544
269224367
182192661
296993159
209549473
89981668
257328586
13743242
95385305
68960609
179451484
214575319
284924833
267781603
247653865
201825182
53003270
117149464
302807046
296189506
215817703
292448832
118165415
229405718
233269420
255126926
272212523
74447581
262657621
171779479
307847883
279145719
51646009
62182614
13744364
308506946
33579999
150379164
56434830
98279559
898597
213469570
168177179
265156892
124613582
45669378
42598360
204047177
239703077
226028326
210631745
122039242
193711893
6229961
104995797
295718409
167535392
180822691
71653324
111272519
88664693
276369412
129949980
200366403
262082818
76748628
206820292
249093766
292837407
34284069
241186949
60376359
222830451
71462027
29341449
293971159
26672020
2178720
324092971
217705516
99354719
224392349
251601988
58361276
96368952
289431218
168460872
180609793
136190653
322042209
255204472
83787081
314286619
288325780
188575428
223902380
282702359
181997328
115570426
292491149
286952341
47767753
230123246
68425772
117282794
75011966
186266311
228937454
225448423
56269278
108514253
126239676
43261791
53616982
263583535
254797422
194373511
68701184
247138310
230725474
88903713
106932600
318877577
160398053
222187039
303178644
220064148
237160439
75587119
91803447
227482355
77502124
164577244
269837628
53960195
298047457
126037732
223442890
302278461
189437647
122394671
82019600
193997682
287111775
129218612
207064233
33695478
14479039
255581019
24083975
641319
67350645
50926694
210469425
301062527
63833856
235093879
107546883
254594938
245401421
224019788
39288735
228157551
311230612
38362236
102137702
132325541
316501813
85437395
237493350
36255639
110593038
168540329
149846776
198658022
130429937
216162484
10489469
168736397
42910232
235005009
129117827
183490448
62393543
245613425
122011424
143898829
258365486
110214496
17513801
43521009
18371840
124825350
4082330
138668602
267017339
926577
31984031
55070140
246797410
33749791
257002279
5010390
254242654
291207832
133614730
41031576
67510390
153065997
314265324
309745521
68117956
42289891
48299588
180992805
135187872
28307676
142241210
194594699
298048056
161839802
317987952
222339728
255373570
129335538
54964730
257214830
6225792
323270368
112183443
66685060
37298321
184748997
244425654
172011667
318747083
156998418
279198958
108276480
115666550
321534058
109078712
283565471
104400634
72043515
82177859
159279992
43395155
194657850
42935112
4566424
313143551
317631220
68653000
111537850
281262416
55812802
42038757
53796838
28096275
54463743
24902123
212716947
63699131
175863738
193840132
18482418
61064003
64959405
58875481
134547855
243867812
272627549
109831931
19289541
258571818
166080682
135231508
218438335
13833445
318298280
10940968
136918448
154582103
95944939
8843045
199167121
34701166
213162082
131003913
244944723
182764495
36567146
191122246
70717365
8737438
132391345
270319021
36394866
53395991
116492059
179013259
40817922
293735565
216848441
138771914
275339976
43102103
308580783
171078943
178423750
201009819
151683016
309421520
54343156
86904292
153374906
260730559
148254574
176431617
103765293
253969566
290281440
288113255
55438579
314726568
264923680
29940557
215587770
64620960
15368599
311487251
120472771
218509216
208728635
61311124
276688932
100545582
68318048
247100037
185054724
40983783
246765849
216980589
24532852
280172787
97525104
271526081
303325901
256019146
40433931
201408882
289728358
323631733
61924022
193363105
43833464
173966954
145401041
154008805
130614035
150124541
65246018
104392989
111993517
185214822
91409124
288672008
6651122
216861998
227307728
169024659
218059724
291132887
307280966
122075401
289772092
132059243
264812160
156741610
313385073
12248549
244302970
78784571
71816186
51877134
261455899
264146002
8480438
140197210
236281725
69262523
318666528
170486654
42702799
221013103
106037864
61089454
311289151
167793017
33546303
316212539
144558802
216391557
24416390
40684231
20910902
10997410
273694197
288982486
115839257
294784790
256802476
274319780
172051937
53375900
235273784
123523497
256750058
226917154
187439148
316491345
121488260
163941285
50264745
202682069
246919720
315373980
121891141
107273341
205594579
29806028
287216177
25936109
279064060
4760201
150428701
276030519
45825892
243855238
268191224
19827244
306191915
102338377
52135215
197361236
111142358
49503116
165017299
208415609
61891968
209297707
39144052
247729564
159673062
8156869
207282035
74100502
141603898
283586926
262975219
214052778
122353462
205146891
266202801
279994323
278354010
127661956
96069734
79953766
22389231
169963718
263359275
303442298
41459798
239050037
302484376
120828043
250168047
36062983
155893590
39877050
20137625
260160049
7736335
38295171
118452700
140918572
205598041
237131187
23779557
296199480
193692792
27226235
107009594
29626234
210610117
160565444
236391620
213823226
64442374
215816168
147492326
253527524
239716217
129042155
82603749
194779761
41554692
314130676
112530667
11731617
146956473
126473263
234327293
289721091
224735745
71935013
281971191
137873404
142460564
245056907
23926892
16959865
255778681
139935028
85283637
322518920
226515105
27634722
1594031
232237309
138031973
285097423
23305779
4378994
24809996
293429599
249837035
76027441
177456860
322459090
195609941
51005408
174516413
191721729
83990749
137511739
54071212
175809975
303155580
296015247
108849678
1578978
4458105
222196923
136454617
290149329
286032002
137327028
251376586
55079695
82905903
242179425
7143086
129421980
155137566
309440023
232349092
225274706
35641453
30869581
51940568
166450589
87688322
257115925
313690824
172561948
143751480
71802185
126978787
15951294
156685812
290213512
220502065
136119437
283363774
31780331
287179356
151994718
80361981
25301471
303731658
155688016
313924624
283659155
31321792
54395635
88242119
83335640
118626528
295397719
76350646
217892852
152793405
179813329
254033364
143309594
76649228
238652501
2193491
44696121
51015032
269177321
103763565
46904437
148515272
132710896
103545548
13412920
126988010
246989836
199011194
206915140
9870512
112784956
811040
189353241
88237213
180771168
29403686
261077133
59058517
188777956
26814718
230032801
71997932
81443124
316354894
222922146
59778139
82188559
203098672
154254572
51015370
94712327
57347370
4778530
277592254
178482089
23760440
98799569
101428662
116087839
282641841
4440728
275301386
164026761
74899119
290515207
64789946
41151406
217228747
136791922
15841743
38188824
224225920
87059769
27845320
97074311
189003890
116611103
186422227
24388355
36179205
93443948
36559085
294381214
191529523
123093379
147407459
290589071
204559863
15925640
90572356
240962413
20098683
154260813
203039576
140755431
164923458
83920956
228621122
72025354
57641353
162752591
39218818
190950460
72725992
320689829
14740729
256883157
290681162
260306781
274477308
208843937
222133702
168933778
93511909
290136498
57949917
229993023
266548165
255044176
208497649
324031756
189711507
128683095
211561716
253892991
132936733
1010157
59830658
287174988
71401311
38043733
188506881
197817495
142152759
29894755
285341431
57504978
151968013
7298912
298366989
262146747
233694240
250384264
137440535
144172349
181249577
97186991
213982690
151982797
157908962
7353897
161652434
300582715
117856993
3605924
235705039
74232484
98580015
257834261
107182461
9903355
181344204
36945608
241317943
195713561
221752873
66218997
277024117
207752485
29089970
146878450
296291290
245143359
114938053
25301623
107714972
239633938
248630050
285992113
74562587
100235922
2177357
171584776
318642959
86630034
161966821
258538718
33994172
205324093
256190450
321648515
107336821
162502966
120258656
131167164
117144236
18230361
140386229
14764316
315686099
101311851
57248265
228301160
43026261
112304219
149253549
113865581
141339478
91270004
13494408
181532658
174498348
156047363
219812532
89844526
280543947
33740992
165221776
50120800
34624789
229272859
230328469
227285730
153563836
195422468
287028804
272912356
307179326
51213662
303166603
3100871
146423313
203468587
42973233
281526105
252212804
105829411
323485194
219845721
22460645
106380977
19880636
321737894
22232560
265630864
230183649
191413741
125308548
46771773
316748884
173095104
49767849
169621248
201737355
72935216
60419278
245190589
82846562
225384209
296322829
307526761
7876278
201687233
169807676
323491269
22998606
268305300
18697938
6186203
116513261
32342191
21480337
56180235
50770805
301287731
184226722
209685756
105812919
136298064
193594652
118957719
207443427
110678742
209644829
124246911
123924992
74536320
142792723
92114191
241002514
255732080
27042027
276564850
100251997
317977872
205068095
202145818
124502090
117986249
225635263
85142611
166901920
171914986
163301621
85896369
20956947
234325487
304990030
287878568
260662299
208683506
195040377
64906517
59450486
91171037
243085023
261439292
121802210
314362153
315725116
208891207
120632547
130861209
266951943
295960733
168896988
206939565
279001437
251157271
166346870
89341846
311711429
125605265
37911832
290971553
40972455
38006086
286899634
252942897
270409620
34517344
185637327
16334674
107509307
30260545
213846524
54786760
44745634
25564688
94466550
91784518
31571262
227703406
61667007
45806446
283223087
190913349
236745920
91770194
174129490
189458347
30116156
206200324
182803047
304067702
269312708
39858952
36334837
118225999
136963911
310859611
182994078
286694878
279653009
310762785
140240126
47055314
210630531
74543566
121234245
191968747
255140487
318536528
133058586
20156079
12108111
142912942
186447432
234643242
317973924
108556571
20718038
232086567
36293762
13510929
124031635
108917163
68906893
164192521
143019170
44213334
44420285
89323054
303475622
317853092
26915751
289257442
231729731
274737619
97994663
88880451
273794388
186114589
271118975
307161049
213886809
10660636
128763401
188373873
224643272
183747240
96341808
41625534
132501201
212887685
158782130
252881962
120547947
31335258
314012613
225399560
150656566
182119983
311760009
103559769
65609989
208745907
43525863
193397379
219469599
189254175
54696869
209601466
321386756
188435733
208876297
313248184
63026614
88933251
98737361
262803226
275040478
27247093
310428052
188204610
102153149
236761052
70346321
195555597
67661719
305728853
288941447
203572288
279918284
315706750
266884010
263079711
182207963
194743593
241520253
807993
216049917
152749592
144076230
168548146
94868606
75935198
182596710
307948322
76272139
221607553
278691787
170706082
316755653
38199945
125538595
296210253
312504997
96344678
301111377
119904821
115665085
303406553
76491213
224196395
64700811
31201065
156858207
289102725
44628806
14359822
34793641
6692102
244653247
16946751
247475655
44670738
71941899
115245752
201596982
230117711
248036512
154645887
47132405
118292002
70302239
124577795
104697928
184002888
155294761
311541217
316158058
246119382
128829449
126210087
93552879
8114413
129068618
36916911
271562888
70875039
159231625
131349085
172891767
10278379
140344022
141683188
235259082
272634365
318295312
265438486
167041952
315713817
259748816
150844458
116735420
228887588
31865318
214219754
78996790
38642979
67642243
160920730
272929899
127499866
127383038
46282229
95520751
97371481
217282005
210527150
304956827
266060211
127272365
297731439
198048612
288845371
129468470
109293743
94090094
174678426
270962001
266467522
30559705
298403891
30523512
262448365
20503037
310462541
199157077
123408570
305456784
271980582
31880453
229123968
201974656
312202229
122146593
270881229
143720538
196915187
280025046
296681215
206836527
208254297
106695878
214649363
312349348
225502056
180417947
1066542
46837276
18454701
239821210
138922369
116433084
62161856
25291178
179864616
281438883
41700767
273174311
32398700
10020165
11900835
120349421
266022861
165716955
214733369
304591002
128679341
279977680
104290881
216032598
108449194
220987252
17111005
247185016
165679507
55083012
3046565
127778260
67865223
85608358
148136056
323284281
210134340
146976643
61702999
210315934
101858464
214153824
210056469
166877987
12716060
316545524
56866428
307188160
26441009
38319865
246677004
71913616
320379754
6831679
51799442
92731880
321221477
210136690
25463966
299619835
68193299
238694350
209280565
3939010
176893571
107314105
217056886
291249814
195469040
253416644
50029602
217677270
43292905
199211136
230229465
26898191
269665987
167638022
98968926
292701991
259165060
308700353
306342767
186927332
63922237
215096593
118066901
159710608
219967872
154089120
296234670
286014323
93957613
194285482
208110341
82333017
316284317
7670152
21681990
107758935
205473079
30869523
44547661
235819783
220914037
213977385
72368169
84559772
223806923
24875256
104857028
218999558
40184752
49048038
147490949
280841680
98739068
8533353
81133784
46651695
186664822
217404134
108786972
209601643
294000382
154917165
94395259
187544104
223192658
226604593
235848207
26990928
306363703
108630357
226232321
259788760
288676721
80724648
52744758
43438079
15487552
75086350
71845843
49848071
42984221
261507383
47882285
184160644
193083110
238800713
75267842
305763514
198626757
216316199
292851634
280585705
316458600
80967456
267465066
276095447
307448347
303966373
10670992
94619767
279728997
153522815
263270811
241102179
167960689
119424032
122636459
209589526
109009350
167740439
50732770
159458596
133165229
154226311
85572786
124158054
8123595
107179096
124746235
282190382
277147789
280868210
99999577
6770981
313333636
132080578
240397656
1679058
123182562
154807751
50793430
70281810
262003936
251160677
64786441
201303539
312489308
240676365
211927942
115733862
322241328
130963758
311729026
39159275
41359823
256491799
89679020
188023751
28263673
35411843
66377029
119721517
87129999
233654874
257142133
59148387
163291138
49997226
266271484
40318453
192332517
56557366
18745493
115240766
214587628
309593194
53697326
142368953
162473008
12235073
284188949
54788955
232547028
175043067
269899805
249110812
300827863
40448849
294586909
103450937
189134654
50429687
271268618
13582017
70535745
112567561
45465883
152548219
280530566
255324031
252793951
213803848
307964812
192189059
3893118
105222565
247514251
130752592
69475079
314064453
241773692
142198476
229559318
136100712
39633846
97454538
108303944
33486026
8200324
234881289
291931788
150358947
186205081
318035519
271015649
45670759
110188484
4221034
36918688
84061650
283392449
