32405338
53119721
191607279
150152635
47722751
29413695
319686562
31985767
85760229
92147416
181559030
272800960
40301216
8409644
234617
82265013
230098733
87830192
291107753
200453839
85866337
194465635
186975064
51326328
9640255
181722560
79484852
16017503
307856513
296497697
60512884
295457521
324752988
133723226
164759461
8440135
42587403
56212280
71934753
100185227
213568213
230386696
140064166
217468618
76648963
34065805
71818918
49398019
278868519
262705816
29037594
221427763
44674300
111442224
234195950
248127249
12904949
99218196
3477268
80733037
207110659
73634879
308573845
318930668
84069591
82178421
200487093
156878005
302949901
101636023
321754818
240831069
87960857
41476151
159278064
195310965
80770889
129857674
32235333
141757532
67570560
173784105
72355220
173801900
311972693
134280041
129657267
149921633
290194891
322767584
265398643
89893376
220842831
11704717
241083272
68707665
314030782
130617123
237359429
138358021
235034421
277380725
67775959
287275269
66129446
102469331
268387573
193595507
91111694
137601468
70925007
31584118
295566878
285554287
279086451
229754071
162646288
314279121
269363262
199667426
293866692
290560832
262097626
25455770
25959433
24926773
38139304
321507032
134425162
20232647
130456658
87292747
18656942
301477813
113287767
20134856
92392345
160013944
129078028
147859034
118414993
303132774
157920158
205142646
141825030
82796506
297085453
298681383
32611481
258029308
118136540
153233121
177254774
303506072
228769826
194017806
300802032
119516335
274179415
19821813
68419215
85851279
177996372
128750841
119120399
65920205
109794030
311982890
26511905
92987054
81476140
171056509
67376315
19805913
182176390
204202856
300965582
161609166
103210740
214055006
243051784
146264035
306741344
138839219
289586604
267329464
87130781
60330342
4792458
106061636
98749177
305324291
153751771
50349252
206201103
11788779
295490047
120181762
133648393
15734112
279976857
187139598
35392146
46534752
36742285
39870747
59237084
42056329
248323556
235626678
42549834
55857956
7287711
129787523
306176914
137281147
174116519
94204591
313753395
300733312
256591979
292826406
228819899
189370865
161687273
1048633
82722491
206868283
88547262
209942038
205630806
207368252
295221037
10607833
300375741
22710942
49786177
135860654
138011181
165765698
176960579
216266958
45701130
49439773
76834427
270481019
141253
78149619
211823337
114265746
135590470
238100677
132674399
116503484
97677170
321021790
204972297
209475848
19101948
124162801
224165722
20351150
51964312
33236232
299667309
240630416
73160177
324518129
213416576
224451
23371798
233853082
106022918
22940874
94781821
253810678
285826085
221021254
42750455
66356248
319193935
211386199
189102925
189541994
117505271
203254803
275977584
80129023
239140956
186637270
57726599
192101781
216320637
172827031
184042899
208225409
318680613
177608707
284473602
65394588
213455954
321056803
257204110
26818029
69701888
291308353
98438299
174668094
216351737
299754295
298184926
294137107
155098175
18259862
47961147
48252758
17397509
249022103
264030382
214105227
24413846
312023750
53004962
110530833
180376451
27373404
193114828
152172038
37799399
177720450
269347295
1582545
270315983
132580838
79851833
151048800
222561383
229815804
51156327
105905722
306047558
173590612
16019670
105995747
26977638
318049690
236235861
195839035
13519915
15941036
146343998
201252319
214559081
87653427
160573777
169671398
246032935
187181111
106567232
35446723
110180458
235456257
113808471
237421969
80962257
292085456
149758436
226200038
31087131
63013412
262451742
133362466
309100878
220497729
137271970
40285809
196422314
271680319
307896481
145945607
70305555
77792035
205535878
27120421
25276275
25550697
135293521
228721819
42325647
231106730
68476765
303199459
95172948
312778772
305854576
307229863
249616381
214867171
247997122
34463104
320929150
307823366
84921022
309564845
146125992
99124998
3314483
121412368
50052087
36875815
85974394
205101442
140433531
85395112
200442456
91420420
289046632
162494897
42576872
293880262
61076512
74466945
277611354
192325747
315783781
149096793
161463918
9751330
302081195
82226421
175462075
131581262
294761394
274171366
15048455
227866251
314429215
226851120
317840910
273868325
153872284
65010852
28146744
210950285
214116864
230300402
230383904
26741263
315207785
323279646
197909443
78804497
165332176
241857266
22984628
37231353
125360840
271751604
157735631
196997022
56103008
31380504
54494288
296905298
295206933
158207409
244698322
205127460
40299005
65370273
124656115
273085407
172033242
242329493
154107617
212323679
134475299
188482962
92826057
258802004
37281232
161090838
161505786
261661783
108264247
260756176
210656684
237846252
301378573
319700971
239468964
71853405
285193735
179114362
190033423
234247884
236669583
173731800
123054548
218388146
266803082
183264504
289845847
40368472
214796032
321729740
171693749
225983121
6098420
297004404
31853096
320894724
110285370
143679082
80371354
296338233
33155152
287893302
315427090
85822295
262443413
4270157
268748465
298465
292929373
63900581
324330327
102156801
163617813
74394394
204087017
310048721
321591396
319669237
68822049
23304984
191477440
73581596
14374737
268176479
266516828
104860808
115409195
26116931
247952761
269688515
276310684
236317449
183233432
120355506
50821752
80163442
270996141
175003536
126413129
255451973
127089039
321038594
255619672
150578695
128660183
219097202
174816958
162483864
193520257
152685712
111388978
168672003
167049352
28866625
73662051
90570947
127192026
221679329
59190561
68040989
289189859
315830783
285041927
271568669
103035345
31996998
181592011
223271387
123231353
96348800
255485154
241853422
230297864
132036983
63513692
309523907
152822228
37595028
18790944
261866739
278122996
42649490
191168043
199598257
131999688
125477081
278371571
82486024
12666559
193482532
49808487
229517657
305561633
300956719
297798138
260182742
110068979
157364147
26673181
242920724
33306850
42725457
170782356
171587205
153161238
155218504
21409124
302715935
224033343
241681659
130771833
79142057
102487672
40546190
323944666
1999177
231577293
193941389
51263772
219320737
8038695
202583599
79779731
324228274
161473188
188717047
120282079
251350861
65995399
169156988
192076222
82058423
64988865
175250134
247574104
309470990
293673031
22657023
146469058
212068058
233190925
272184320
67456907
72785806
88717066
86904174
61327444
9717795
122825149
234795681
97604584
226450977
206883275
100632968
165759863
30834841
295989656
77063884
79627448
197197680
172597021
55731437
89210910
152991024
160066873
297785471
291955891
278696723
177300184
29968222
254283005
229639123
229693308
18550394
321526813
279986481
243173586
106636531
152961474
34104622
252707041
95487642
26117996
319994794
158257641
130341014
149431649
178010626
213802253
320525471
42676924
247887862
235262158
54250157
61976603
15569694
31454857
52260986
99506719
207231377
84519974
32451124
230337427
128592350
322538418
233145768
158434661
145843120
290770244
317397629
257142672
262770893
192947982
20790010
182567250
197248921
262366194
107581290
14031190
8748027
266301206
146514163
247861324
156644978
2420377
162779265
38379220
39214009
104741105
215014360
41932240
43725988
243169799
209070932
54661556
119333367
27479012
148098922
5482092
162215834
322666121
185116310
282237411
198465929
184121924
46320333
23828666
299858351
283110252
58435824
206840118
278964039
309095503
61981914
267980607
77484545
105145945
209419048
27429332
65273732
191984201
303416942
199284300
279825580
198897867
255453449
118845609
17406721
4890944
248580424
250513717
145418260
225142738
181968578
6892308
99368256
64935983
196352543
309335250
316928825
290603176
246032462
210382878
312964976
177101325
266114648
262564971
147038482
244438461
27418880
113263551
291230435
4993957
270163201
218994487
125248822
309966569
252569027
290209143
24076258
61584659
21157569
84955334
312923427
225213372
220695310
94127351
283525625
9071570
174143419
89384130
237818117
204193020
25256460
34748391
141403343
81381621
42634400
175230564
297931483
319575740
323814991
263084444
303892993
195443702
151807649
23925612
242876673
164054776
56634982
293788600
175694322
84584969
107895859
213623309
96917775
223490086
303148764
258588276
52756679
272404670
162564273
305076580
68853461
288296868
21223473
73208411
40038018
68245295
4625539
86189922
153972017
304054563
60147906
311340992
32900651
137227610
104798820
69248639
92301161
125912332
189895482
6742837
147395101
313251938
107436196
30986954
127223673
192668530
292680406
282277759
321456635
107997752
1016557
276095305
84120100
269052483
224615307
83534717
221535618
169511658
152373168
15355478
155798714
25170477
216951163
266984585
231016835
261236380
228539777
114909248
16749453
57530969
122056013
27876180
65812411
7240674
49957243
252423442
253954685
88784486
73423436
121450099
207272868
233626702
231704269
65274860
169582976
264387186
58433085
185982504
124424770
123235689
240538973
222302063
179192318
221255335
26770118
254702764
17142311
33268062
181000764
37131512
250433443
231116019
224747968
107169094
242879064
46143907
5885689
22952146
103505774
20198463
312324954
83550717
11056104
279435562
230349459
276032739
189555910
249596134
307382517
161157511
209156921
259734477
28085889
9587680
132000314
58744400
210157916
51456389
65307295
301232495
75512840
316280875
241416039
242027586
73282019
63878212
205710757
204392124
271483195
70065575
43786760
232569759
144043061
71708769
243316833
280323401
10679745
324682484
299321533
258849278
80999729
316319724
287164986
104195274
291680405
45686974
5676103
88878278
274370519
144463837
21069205
258581942
247414624
282206984
197529352
44531720
210420633
96265091
322681633
392458
299903219
282831957
11622661
20003239
117173214
46310183
299689393
122778374
22032462
182504045
318965358
97260140
101418311
320795117
115983000
5096330
126171468
145767327
305558164
138233775
224959431
56776116
81296668
20186760
165517889
176799288
156687507
178875558
58310424
110236250
24686676
141679558
305940886
173993148
195577530
198447906
133036915
34930114
240749870
69959062
120319672
158908415
287891821
114959119
223448083
209475860
266616199
85256395
285113157
316802425
103915464
198180543
300455285
187900733
106248103
130996690
170021229
314249966
51591069
296019733
142691236
182410117
231860649
81586263
136243470
71674981
130003100
121498431
145973876
258781427
178458943
205986007
43618906
257045996
172584438
292132826
24377591
662810
157057623
96959090
323370693
73914377
106681723
228809378
137010202
101068993
158645022
137463584
257291617
311277516
52514631
187222575
317421591
151355576
167403244
309364360
59104483
209411208
259047310
193781714
168803158
251221983
40961477
151266710
87897326
135060923
19565786
75948585
204232319
233456555
53573781
18896047
213399286
53969833
314316780
92393387
243996683
138674937
310312709
221053301
236825011
306102556
295350539
213622513
311250287
193891077
256140535
98359197
313527426
250819393
214477482
100154162
213474513
219695481
62464665
290440044
215078956
236746253
46593896
219340898
215312652
269278433
89951477
35316495
138547297
171651247
130981610
5568476
107942653
70064672
74368782
251539386
98741840
202625351
3978864
147266655
106971048
278288760
259515706
32941624
278117458
236444338
141038825
184124241
266935892
104691977
124028427
281489010
255302185
275741678
133269074
251805710
201533722
291461844
54961947
287904523
101886129
158634350
146616059
229468625
287669313
169940705
215727329
189037856
289885030
270354518
193595624
173856785
20169382
167442046
197059381
315810142
235997229
258294102
27436511
121735712
277401653
148812065
120395945
159259644
166935763
214597392
23858751
55376759
96299808
92165787
218764538
5021175
324393024
188489641
247470648
315822709
148459187
210209098
78709232
216918883
198186396
150656679
230985883
244954669
236505217
121137083
270365453
85331050
249990137
222082567
115094872
135622950
303054170
122847426
139395857
307812413
307362706
241807447
197382770
158873643
89783680
306547642
20626709
115682640
138523235
251854945
267677882
194339882
132757920
21587973
247634819
183506910
201934831
269613702
38197486
319679909
261432294
153017051
41676632
153032345
149159734
120111970
102603385
83102829
284747466
24604
262830478
256197336
289982608
69551887
22388276
94775795
252746097
35142680
23598171
43095825
255324668
236836199
262463955
140690468
177478008
42235443
82709337
184440713
63043855
243607765
15619256
85391393
241973442
158663865
86820839
140788948
81360559
45442543
48171057
86078403
242507631
321828215
158954476
102564830
98335786
275252189
24846488
193815576
4074786
101331279
142199997
119951864
293283367
242573824
140539177
267846716
242989880
24904099
258890504
255752994
228421359
203263878
212459762
137892807
133395884
322159396
42270007
44406524
105289534
250713353
54395273
171095267
213281510
120524347
121731058
148935333
18494817
259554138
233190101
137817218
114973676
40031647
44986058
186066149
48959912
39856367
81447112
72682541
168986668
118622852
253388834
43075550
181711147
9807086
234872739
90352477
160960871
136826266
317400378
147424516
225321854
286879399
64367479
3096430
136214493
260944936
113711652
296397133
76448894
281834592
91538729
150561545
232629922
268415726
52470488
140038226
40471466
206561294
210639691
87012653
20797615
141662376
103260173
291765267
78385415
76108631
53557564
255706143
174427261
291882026
110325825
240801477
172825999
269586635
7712436
152734279
49992624
279183555
105873277
109327933
131797793
282840336
190268683
261366984
32248820
219564497
146040824
117321164
125065943
23786569
4619546
231468189
254521027
132157239
105378322
316797533
219126006
127915363
112276037
24696494
117390102
253013941
251829196
271839254
239673713
198393648
135029647
158702969
256232969
89679414
167683042
27001694
212068107
211837344
210801841
248676083
268766563
60747278
315285133
298972209
218864966
142931767
6653943
51424162
120418761
307348185
287765467
320371617
224781386
22201378
261692383
207739505
155452283
53852038
263141922
268535777
224970393
19922601
114608043
53955654
28420117
191756825
261964257
170311721
18622324
183372526
88703486
34373438
302287697
237831695
36444709
42537167
208669999
228386392
48490533
209007298
43090344
175400066
35132736
193886887
301243344
182757677
49660403
200491474
11591520
9144478
24832788
113500393
226264522
256006147
115809203
131581915
24458008
272201328
28825098
72786391
68920533
114968477
218003956
11072817
181051823
210655225
51696511
48982840
233047773
53356298
45615821
218977415
129398248
260609272
182707118
79279404
21981348
82818292
19136866
277318955
225939087
17943276
235949855
211518425
77518906
90827680
84560763
30587135
145400616
152121499
316109454
85274215
225696460
47604877
22664839
122339903
155435925
162338779
30896747
35606682
202099779
49058313
15762671
59768634
177094169
64092939
251167350
196734628
236655004
86598178
231598676
29507976
78333302
199259129
160979865
298063340
135230162
137931048
3484162
230841453
213521722
175271708
10060319
12784443
303171462
193069377
159567026
138151393
38741851
46146547
163923098
189563053
109509546
95410172
237006423
162381525
133180261
146173266
94457740
53078019
187226337
87459315
115734696
173773137
150241621
235155090
213392122
278976944
295731210
140433939
291779013
87612874
273015157
203131785
42763770
133950095
318205837
109936424
324386507
202528719
191475292
162723114
250473458
259089186
9709981
145225838
148220116
89295797
45890959
25518483
293145135
312226410
247807370
221981666
259139445
117363592
14769257
238665911
250350222
271573338
202158808
125038756
236870811
254409969
47399171
86560824
289441395
264857780
207002077
251179235
53263039
154036029
197126190
242971747
259191273
302662764
131372270
205555459
47348942
134897256
38295791
75304399
133888820
18574919
295130323
246839889
30776885
30210636
290765278
174176713
201871446
213262690
57716785
315792202
217901682
241547743
293573119
118241218
144097171
165465855
124996845
133247907
241412764
177137647
265875344
316819715
171726969
95155399
310569991
62674861
209545106
169144193
184720545
274166663
52892264
193639159
271946245
76253300
202127103
172818791
228777862
233417037
267697575
257471218
146252028
276164120
118788166
104013283
171493714
196505185
24670067
276424853
261200825
66061961
142646602
269095911
174627553
251148451
179240011
205774529
316064015
120213605
71688918
53245267
163501477
237765764
229879483
144708985
272363287
21867838
183067978
285423557
9019407
174649736
129685662
2616996
16525423
233896308
165091261
140424033
149349093
56517992
51212669
303855079
309116145
180312221
241687382
267486832
254832977
115987421
303083066
77566541
7113502
107881059
272513129
270168923
324945274
184942163
96435860
87183601
217951358
38100743
162932347
284538867
296866921
31838918
238150227
108170308
310967668
318321511
90768641
324726719
74980745
162305389
109690467
192754497
3304044
31384441
11443687
220513255
136283944
206988780
9280447
253376739
153272563
160869357
171602213
181721062
39397116
24874665
171893817
40010725
109825180
227603831
263404444
284057832
277636979
285029704
237676616
39232650
208562558
310861954
304880233
300963747
34208189
226190478
251728290
140143645
106757318
134830664
265045216
297928132
58837230
257582651
89142415
241710371
199623706
107353327
319640721
312731997
166916403
2160910
21078000
57354928
142160627
13122828
53421673
295466635
302826827
160285561
163769821
251312953
51987024
247853871
34232407
321570465
143112691
256385033
102172777
34914690
305236131
135065514
184630505
265398838
303491309
230027857
96190014
158835736
280593983
70663928
120539814
86038308
244417442
130204441
477097
156934823
288680261
237910249
212729124
227356415
47811201
216453753
180559010
244553728
232455377
90698735
159218790
307013315
322919917
246382569
175884506
222712997
219346968
980910
234170671
132820148
110074951
99193256
102124533
265834735
129155286
121579069
255661669
118440214
79231166
143288551
256689897
108441052
57266710
146962362
97599985
254972064
241044621
190698620
217167103
278371103
266130204
14493529
117828666
185486941
48268612
323154224
13203152
148081969
165111791
120242412
124083923
129860511
252100313
121384087
27286478
161892314
112598944
116115786
284990438
276687069
243730455
269745082
289358260
227225563
174767836
242695868
103889942
27608337
39143259
302028512
107987993
295097855
245673578
309970997
292458605
77021119
203768838
117832375
208692068
135701198
9336713
85806281
317675663
3463706
13510476
23219094
191423261
203197342
54954228
68272145
291046954
272797620
198320290
40060625
132113467
31545497
17315634
115927165
186395744
227305512
25816617
128587485
119284040
124449571
296943053
286060580
274245521
266120110
80572938
120968306
176239503
117092410
73159912
223927
169134483
31115794
53918694
189970350
89470780
219567260
118842851
213331636
310334342
247247266
15262584
305891010
82180517
318248935
158233237
239149707
36146586
2726062
39588183
93921306
314495068
69813920
117767727
171297294
270409607
219930951
183587922
7293495
214819288
120060450
48962806
30331392
265115705
166746068
16150761
182972275
245159767
171694454
305009917
258460025
124731128
223217267
201543434
296203642
271323226
493889
222116291
244303808
106209581
53470729
19698881
38644314
285014133
56630087
27777123
93632464
194903817
208478593
75592435
250159767
23133221
5951381
93800083
37839165
244527860
281261872
176651032
200067342
295103325
147665173
104538528
288632751
106065423
254071924
215711068
210588301
285882585
152075890
20229234
34342446
189553821
111655510
281706726
89387127
88437803
101041794
51794624
34624509
115069790
288249942
42654519
197685541
248215192
108880987
29179325
127532974
195585864
40873565
169716905
45273703
18386391
122849120
151857497
138498276
196327665
256035380
133875555
205102925
25681353
37171009
26682138
149647753
57300743
324369597
13758025
289532702
158901746
39736734
179280963
155922921
5947361
27229043
285373207
264900188
274728056
206817842
213278315
216347096
28595966
214016965
39513598
146958703
117913468
280148704
226464483
19209205
59901662
167834243
197756971
180642164
987752
66213789
232797512
217744147
7095723
87419525
178269041
255106793
317318664
164277293
222274585
220308884
110817782
31226747
33269067
47656143
252848480
219702187
265735241
11436511
313674733
47007123
65220270
310949724
121536531
278153614
232888383
295833290
300460843
134910318
179482780
132722726
33459803
44571561
175501979
261308920
245892338
124520135
57258353
77622871
48650312
5347030
198041385
134958757
33158198
23261584
279699895
186575674
224234594
293106674
273051872
304381467
16249438
302451502
14926120
244638365
48768341
142698388
268540500
195727229
230043281
132662396
33974582
197482122
238141870
284859128
294499891
2834813
135677326
68333119
194740151
274915359
2310443
203524930
272415087
119968949
235908386
89478967
78977097
303541183
305852024
229113092
236823387
157103645
37119061
301152627
247611415
297319876
84521492
89793242
87014000
19015476
248172970
212247003
148989502
212863293
144402604
24890339
175065109
83652860
171124302
281381909
87531117
17743656
196337260
60915941
320949177
210098977
251652201
265732940
152862633
322231094
93225938
209051708
210900056
322064375
36474447
138522744
305221460
307063530
75537256
64524962
131636636
250854436
130567086
178742254
60608459
215112188
208150333
288874406
165551219
103028229
98262516
75145887
260237318
296799548
322087067
221267250
174565329
318043913
24699074
155340751
232501199
318804838
134145800
228428952
83310467
150536018
112140264
52479472
125937136
79607072
137676587
296228103
137343019
169542084
91783958
211488029
303326456
249714535
290585834
191825271
125780476
47123887
30902650
278147389
156839532
281783682
56634361
160976316
156419787
148036073
261595689
193711111
216940202
125243035
167517779
112589464
13072734
93387251
284777342
289365897
52802532
318883762
273386218
33352878
29218651
115625968
65485401
247177872
299256194
170865140
94733384
279487826
23765443
13942602
141851131
211321843
132080501
310568692
304311360
165633863
207858369
247923412
82220689
26245386
26958656
323761479
42581561
172514542
237331638
134417
18006164
188107118
314413872
227846757
167200832
40619763
140828018
306949885
277701613
317569142
191665895
114207189
192087327
95636951
257438172
192779383
183957620
275701782
102210093
246605579
50136483
56820250
14876451
239427374
263892881
284399003
157446482
117243099
289834123
15573280
182521449
135025401
65267513
227719818
147529933
180440788
320131161
153916280
1518483
57645484
132091520
71554422
26021945
134955429
258366102
210492508
100080123
172179636
98365439
260155738
17864268
106811158
164148838
206281284
68667505
253887959
108275702
204236236
153093340
110495576
280958705
26617222
311531618
244124896
228310693
187089089
16277379
158812068
177122597
292999765
23153623
233719122
166875047
65719279
177946144
216820388
315832108
98628876
64851833
28870498
193732785
259238535
284836110
36206144
190542003
53459947
303595878
43134455
225304186
49121281
217617004
49393570
147700495
153558807
311322516
255828533
200651243
251844180
32728089
252535119
277077222
77628880
51166027
152600743
169624810
195302807
138994880
5501761
251707787
243687432
260020000
174769839
15922637
283937081
130635792
309921169
190029834
129852141
187966686
108421103
230962490
160021473
123634472
252178786
20807383
104300714
127397212
304566144
91043584
152101383
97799102
142922725
57506116
269212539
212369727
312178420
296509432
54090804
315944709
117852630
321248134
124638006
88267834
25083831
201736728
270153614
299388303
546286
49422225
118007518
81266930
294393562
30660989
88160592
228000417
291177497
165956598
106442334
277760406
194154135
110412205
14471022
188688329
115002539
228426068
112310822
39864531
69058737
287419902
114490717
85928607
291934417
38695092
77910159
304252200
198326054
146165629
192168481
177800199
16429220
242144145
173305506
71467115
130630902
295184136
5167349
281669190
68614680
5571957
7644219
92871128
219638868
95619100
319990720
142946558
294341635
164691509
71865867
128871111
98985591
39568741
4917084
99525027
272794639
54691037
109103861
77718343
211953840
265298072
85566639
61476798
301855073
31067077
27870234
69470331
322503404
228031597
110837974
117464097
164203043
276890398
41882267
122878047
11542199
99915724
11550667
202573623
264487688
151804180
178125128
64071794
186981757
189159892
317938801
262280038
299149941
140437431
149417384
155510672
167118969
198933724
89440891
194659338
163016053
105663323
222795035
305345474
185368185
47076804
62056100
301269505
16969444
65963682
176839257
180131187
100363877
310942894
43750414
32230696
120570562
279483380
31479418
208705341
289288105
155945681
18574440
644980
104002637
66954957
160439838
186707754
194442941
253333161
262974707
159956778
111984495
37979376
81273954
199494211
299621493
88239655
46785818
32082265
123449629
224707157
268443773
231205592
116797236
90753667
15968244
27858165
8715165
92233511
218620353
65433194
77190417
132778140
103109510
152425515
47120779
164262634
243945934
283814485
102406975
161230749
194513508
229035046
316176316
244635780
45174630
136931349
318765731
182759536
204249619
309415974
314819483
260836938
213624794
36318663
96216376
166293731
59046703
279454588
154544594
230561001
170305015
155656338
249869936
21461376
313819128
77651993
185493453
42782614
195186666
204435533
94521634
284960578
96150566
248394119
189486694
271025750
295554125
295028817
82336603
250135217
64321514
259924540
295071739
115220634
301051811
310647056
278942534
9863795
184227320
260742409
204788598
204815709
162143858
307261780
294248124
164644716
282889261
255886506
148697227
118708321
256395495
133364438
162155624
248352918
280315223
241032979
309283415
55410639
223529347
20954557
117698109
155865149
321026185
91642335
10279631
76760797
125923100
37009978
46847402
41486400
195251885
142821158
31448327
141919752
123874355
97241758
235704991
111420045
155748682
307878935
241599818
253296185
313565521
56079412
219429037
302444348
162727376
306860395
32069294
272408070
132686076
153033099
166632847
203289183
32911093
266408800
70450541
177809744
32470022
108817642
145427289
255027512
81898548
100542194
114263704
235697633
80529603
322132398
164578004
294312797
306998705
81964210
57328701
194909267
31722477
214523631
4369316
303323006
304818798
52115586
109195687
162974327
92161196
32651805
295110977
71377846
138553301
304955551
252811002
244312838
323633648
290525087
318860195
13387721
223384529
245573721
125134679
45505530
203474066
105905682
313139174
131796703
22911338
270260127
7396692
148124597
79667177
306521926
148079952
96517428
230923939
177253653
117378740
253237089
168788413
124833146
3904327
30994910
79632844
199845197
284862634
27665462
60336172
159955557
133523143
15887992
15361948
166955632
205798177
323647369
118952906
299404
40876687
320683168
285859583
308518921
252100924
33630226
222572684
285605863
254751202
244413640
228845745
146344276
183496106
93266189
135502496
201090082
44794166
99465727
198766594
263174192
131420799
267880988
77636900
268145445
207081829
129829777
225567886
60035450
68850353
77268048
55593948
201099182
213293584
101340152
77325627
35043915
155849175
206082178
263761565
199257380
125147774
320863058
254856278
280137116
193747555
148067038
300436115
39972862
148443530
296274448
144513611
128907167
317454925
104945927
100981831
123818696
74672668
201295635
282123076
176370018
169827920
241537271
158236594
40186211
107875392
16791866
176146416
296069569
19413295
292812495
156339890
72732446
269202134
215384722
257073696
79140714
220390019
110181401
317142745
152060244
254212314
57500813
53158817
293682055
98257270
68427807
120162519
95130894
80889539
298349527
122376419
39928858
32742292
157836544
196633686
244462371
185272829
12493370
287567130
193486477
156849220
29836375
154642824
263713187
236655640
143668624
185428264
165715194
208087708
24443614
9594125
206355637
197792734
100776075
56288174
90814398
249800325
269967493
157913682
138091474
248382731
94487940
66368829
214607060
168607239
269829591
119759001
191623133
323461183
269202436
130018634
276754857
99593344
313630181
46147780
138474445
165934192
40864430
125877924
34238053
211736539
203994106
304082049
8197818
133219740
224163233
31986999
111498406
89178339
208552480
196397994
257998767
107784045
201234422
94292518
212023400
263853611
185601756
186223280
148421614
180624954
213319457
36303873
220557396
69110384
215623030
105976965
99597792
1273557
213461908
182072491
301761368
154228602
294942044
19367585
290869635
101549080
195479966
265619559
68707216
222224578
83174825
212965630
3362552
249044665
259570901
200027417
50544359
296700540
197958638
35923615
109750417
155590346
111414793
28972054
5964157
90313266
162899710
310532204
291304701
40475342
201477917
26904640
68612000
12827563
111728848
78369338
84251266
319037546
304775007
299411537
8279036
188886559
303285203
283473537
281335141
278701635
149206355
16963930
101528473
16947329
198032075
110680498
9555188
179833748
177163746
61864324
26321
49578821
121463087
142014479
89476863
51324134
312210817
105947969
161925556
132688099
127869477
185445327
113509219
264797572
111476159
13301616
122543109
13678157
249330390
237251575
73364019
25865014
261082029
5683346
284819608
49297287
283360001
283653100
284061475
253751430
170336821
47588914
257255919
296080175
118600748
175201248
154484179
178335491
104074151
172071950
275111482
94592980
108796679
59999527
262073094
8748301
156699541
198105846
309744062
192368755
5645437
318017185
24571234
310873625
17179271
49157230
300582193
264572013
160866276
149250303
159858201
36561505
200862394
104050338
268516844
81891579
224051589
25231426
75248433
146965246
226160762
168705934
97656883
17396097
227917856
251160479
246893675
205302170
40341685
256539068
42406108
45099952
171282858
265712044
172066771
231965555
241936474
152441702
168366899
195744127
117506170
142191288
188189377
301879313
188426398
117846223
47081064
112379087
152894178
226207883
19124395
215716120
249721033
274104671
306872949
154753407
319308512
152630557
236226982
221000888
289983209
60519540
258627150
318809885
19485708
23270056
32015492
268253364
3297390
316388132
306550449
228596628
198133679
3101966
80093919
159698498
271211739
128618904
217293990
287100492
237195520
58278210
126186035
231520267
151816488
225538790
316005329
244532894
147425939
272143879
103381262
281379432
184493758
227559335
255851276
91172382
312983477
249432470
256864961
122908030
89699355
94128955
54407
305580977
11383851
212170848
157732320
286690211
220507035
175371624
90506101
242849903
199373627
92981927
159425928
139899608
229250425
87664880
307473893
323677125
89631745
73589886
66974456
180589184
129049159
119386716
133294508
134068181
50420059
145984170
70914288
303007962
99234567
269860290
78037258
150030902
15139783
95981591
227424803
161355487
192058667
50309340
16596874
125012778
83172320
24182444
184566361
268081638
174801728
107368617
303715345
311306075
296330425
54493787
164300713
158940438
125492263
311589119
107128633
273389969
268000247
270627671
184894495
320284754
73894025
113061395
319507056
189703374
75516610
209963284
254459976
122660519
102249647
209107149
58739185
78056117
285068162
216618919
290373833
234740464
89197261
147890090
44686911
306745692
97758419
79451208
253334385
