213183430
87326001
307710043
236761176
160859440
135599909
112101285
239194954
313186474
274974184
74056430
97543623
216161497
90018727
93610717
36488427
9494522
219657461
156036865
258424738
14643398
23499085
191694681
315705601
309440630
240652110
95688248
256562616
254497764
89658500
230954730
258938200
99906117
175096843
105840061
163205904
2028181
178798398
195779340
302628835
292931910
23308573
239153610
266211198
304246777
77861072
2495707
264592971
134477302
265533982
209019678
3937328
131546006
313055565
118424693
76262138
170368124
93063597
44015939
100049852
69518005
256128217
23744834
72363924
10278946
273297984
17441496
171991646
85155082
223287419
282773438
191487621
206724032
246165360
285462562
32349194
92906721
188111552
113139732
43208650
113571000
172243508
74526260
112218727
162055023
269737584
117735655
85705949
59084791
81111748
266768282
110411028
283588419
37708729
305881591
235377451
53490326
210195013
203447271
115148703
255441327
266649585
283262206
30283793
51445427
40475919
118191093
79302993
194391073
259965455
282033181
22269075
186653052
128717361
50287988
145323684
257768476
193316932
162902250
242414234
309883366
73479707
240442825
296343828
111073732
233833202
319744072
169163890
19061341
291608045
17136129
166065097
301055368
208674930
163112479
143275152
79274912
216790222
56018895
156693444
40067970
65573475
10006328
54499634
241243128
207371653
235157967
276040365
6062058
314904679
125919167
177431665
45503743
7416640
123420887
264490617
128109558
292868986
2840466
45776566
159246348
258348349
324524364
91834424
285126747
143872672
214645662
314410076
152319158
71951708
156106747
59296772
224489817
72871770
324318820
247338653
191696814
226090030
240795997
165113809
189659815
213317860
280258782
135248324
98608961
127721870
211659257
271004086
294765587
285242458
161836857
159499955
301531321
186646383
121574524
253233765
19927709
217011553
22017283
241968998
255076247
105744931
313132597
125800172
2154483
171848080
22640514
146195052
259929074
196795946
288326904
208515192
232487995
211343595
216526379
156044215
165337001
303161306
72364590
172706461
158860922
108726606
225355718
297942330
120815858
164466472
17504667
141681095
270290180
48270137
302524301
216112816
255985465
113613192
320863478
256958120
136834673
234993413
47190876
137291847
149074601
322800362
250007683
129891727
213895419
29862907
26000113
71843656
301319807
271875253
255559541
286543351
112419492
140175876
144155826
323106244
143189923
287545292
176693711
209729028
151944342
168439625
291956397
306829698
284540361
132060572
50946165
22721077
196614165
288994454
11206009
120031769
310349671
241313353
57721588
87826249
1235846
183230975
135466335
134668910
68477705
27854384
308900202
76098308
296498019
283338345
314315897
257293222
295866100
143100336
15106573
241348686
279174071
31560081
44420752
41504170
276417211
24098032
286643919
3550811
233662123
177149140
75408244
157314483
284959943
41372601
30268212
4928743
168138291
196441631
268808421
77004910
321036854
5776736
4147651
66845874
306928163
127771676
25480072
100325823
123947493
148643421
100804681
115632315
97987392
153340515
141102091
7026352
2557385
300493374
53642896
19159515
99897148
60161054
203625155
210737106
50550835
306900360
39279619
197061449
163354628
213117035
80390510
269454518
279519871
79729392
163520467
54411226
238393775
308379655
56350679
3803291
216862107
102747601
8204139
60080050
121055885
81574454
317032362
215835414
19550061
254589510
77381802
8991448
172940807
171945320
149146094
297382597
321031538
39462396
6522200
88139858
216958203
207963211
259069354
197071352
17605508
21727826
319098433
203898203
151163806
267411870
94460398
80406362
43805818
30403290
68389421
86965038
136873364
20318173
245317297
216760920
93114838
10845580
129396415
93833742
268522347
285533222
164175874
157626846
258376438
299438230
321109723
110865424
262505759
137420135
267364951
245022634
122228683
284154808
34642956
228802659
77019370
242529120
77214650
15259981
25884324
119055402
324910484
298890421
157143328
95595874
160626906
190005273
107801582
80459029
36616688
137469076
129874414
108642853
244538173
236983261
322862478
172022079
213113162
286373196
210577372
240227550
120917262
291667743
117038297
167344984
105253990
140043861
27497857
92691752
39737384
310459630
65272990
2013173
316849368
267016255
172082340
158438063
131804171
71788546
231341695
108272074
281577688
110802234
92595753
124332687
291973785
196751210
219531354
296825692
90230761
211921221
191502677
190185658
213033876
10237968
59528429
299817541
321652083
324936738
241505335
146496140
195891881
313628617
307898374
80576565
136572987
50268835
239695926
50272260
281676601
217939243
178227986
91568366
324969348
203306708
75660718
129129324
297657165
155687413
200583101
104665347
111554343
239590593
269929545
238319453
299690663
31576949
241463606
56882942
293082582
230157521
32576306
610969
324861493
230837967
272690526
90013577
10857130
184505692
9185262
101927418
109443159
118585024
252831160
129211043
115488763
320185112
248206039
96343735
200911430
287265354
279463350
80484366
323962042
203091921
291517738
310125317
315432897
165623867
151532627
2975736
7607280
109016737
53508571
809834
37988151
112091545
116056151
4653983
27980204
63262902
186545877
259472881
233745293
151059959
31505971
237130590
206864413
123273226
257986764
89628157
72583529
283232499
220766486
16919968
260201874
130481734
21600190
307972382
255355907
91380261
222601408
36011768
282210794
48544296
72030096
188595413
178685117
204652295
39219865
136628426
209490211
117321198
233854711
212376499
272928310
114503704
98977283
315607830
249630741
262650797
72411123
8784849
20334961
239568320
49909641
127097760
228862149
153563754
49901875
60019024
13993174
268936907
250631396
248923276
229847090
320290587
8709454
50293119
87099299
241673334
311714885
236826423
50921122
106287639
69207049
160305548
147751188
72566791
88443703
272573333
224549207
193279702
127613370
260439894
303636947
237211779
262523428
323612424
280327152
106673892
2533422
109880849
179795192
197670280
120550282
154439158
113433455
17353087
12319959
80093706
238140588
67481843
97235745
133287973
141238923
320051286
12558060
323685104
217990542
208361306
182302445
77908973
101364477
319663434
224634862
277857078
117435737
278487265
132503349
73596600
152350225
301920279
277214989
302923990
294313261
122310925
209664102
262140174
248954600
147257929
219204596
193562186
68378083
299823969
5902238
301852089
169059824
281809685
75603692
170492589
141688523
236434620
36863331
286441718
243019398
158897481
290941996
267273833
237659751
125774445
218876600
3599101
65534196
11897608
204488569
131645004
30570092
228435922
164461294
124684828
202660528
134496317
244326435
163051724
162277144
106952179
79206521
323526379
44017063
92284975
205725642
241078982
58520075
188548624
276020308
139030713
223878260
197857958
201162988
160300839
300580002
28959178
102790211
149553384
99712619
261651003
286945278
117338733
201768537
94560672
213309661
232977809
14447146
246506028
299715155
102223311
32742514
70103971
264757106
274279245
24413402
279407779
13760589
71340781
140084349
95671765
187901013
146833891
167777690
69942003
152949127
8575519
93336524
303082837
234271735
59249269
224216784
6794522
164096254
270600691
176941908
207893813
41996466
1688496
233589132
216927719
258346895
185188324
214144340
316355446
142694180
140109477
305500726
3307450
234829823
306756194
53946862
30346073
233724418
27483297
153102204
100836936
292912567
139977556
180859919
22002576
84914295
29938817
222350236
162916468
285604772
104580713
4876844
78943314
214036714
231128713
273006459
249819739
72791706
175791500
12411371
75379303
161537312
322381799
27549178
183892841
306482431
219733161
88271070
103509267
3297796
202443945
204781133
179523405
156026432
34161594
4052626
275459172
312635749
165597274
236517473
256768814
173669701
171698987
171331117
41241524
73393797
313786814
89955637
14700464
147860124
131018798
152903203
41446912
140931800
200536972
183766467
20293820
2811164
150098690
8148961
153381549
122210589
133722653
49316792
281047434
4733819
18811496
96031741
232859642
299751073
156077865
139257855
164139312
209076125
234268473
291109037
855993
298598817
317944159
117543601
105140922
275021729
76928251
2623006
201706529
205200138
264432719
221745922
169243789
189791793
260253599
277144295
15309923
67891756
163442275
80587269
314305407
281754417
145319664
263118641
85450862
109605293
323677578
251255087
77772735
34161379
146309681
39962858
116795693
202321084
239808081
19145201
294701709
65079228
235296107
76945734
268425218
317013278
102883876
9033463
67332934
178267809
311199452
191896745
184895555
284899472
1500357
189675608
278085667
243293809
70946133
13671500
272428476
282360618
233825178
114416166
195655454
231304184
226280368
199206637
31962818
180768083
161259975
54962454
282465506
311702780
275287098
285787690
176981867
126462022
79456799
88401104
139305761
166418703
317772161
86099293
155371499
230602686
229969010
28455430
206931883
141531471
140407207
176460952
297337365
165036554
148221186
102854020
167687670
64998891
306455099
127793307
266962763
198221610
78573381
299133034
181730607
40330876
123992578
197169847
239248426
131934159
130460925
37514808
113474362
152128754
40071585
222279648
168269097
198398715
131308443
215813973
136666329
139306702
103538019
52467611
115066389
308493080
180187794
114803558
227662493
305447483
16192039
164981761
163289326
247898372
319254879
268593594
26235368
288053233
142474876
322815396
305888259
223813815
292120967
172033108
25389382
150606005
150138182
17570116
192616236
161629089
57889753
20485705
34974799
172194976
321398771
268064716
272674607
80745063
322121117
182982433
84595487
164109754
313745498
192997453
165190890
30569947
92819629
16731415
194965671
56643505
180677680
100428291
248427893
91672372
182054016
78119308
209795947
19597540
289966903
22358626
246457202
177397698
47151451
166479793
15507959
175232375
139118303
63631463
251546147
84814527
52205806
308951748
139292213
169092935
222021259
234572957
241375318
108442777
158171667
46025760
90002980
101078834
274553788
301842396
43580305
198590302
61505164
211279593
270903367
100755297
33649759
124567164
225027999
278940274
92371807
80873798
136967026
41784992
231634083
40576124
63613383
114921874
151580080
139236867
162313889
128003492
147127021
102962860
82687128
234805760
206509891
282913563
189541108
53114524
69381107
155324129
110514319
98632719
277673945
154323093
222708706
81371034
97708580
247400018
232363080
45722858
316877336
47757399
1825995
234484924
197802075
217771194
158555868
68807987
45686565
125519637
1672448
5122818
54510911
51599131
56608968
255587265
305046150
321846408
179413256
83024389
198104947
256979904
225323889
316689459
106240491
202795912
74427183
180692554
76076812
153647262
20697890
139623517
76064718
181434085
72416884
126093562
118753924
71021523
79907363
151227640
63702092
302305138
306699044
94582995
274129418
193412484
75489288
72015780
210812384
188890358
154439341
159332413
95702468
64453825
46865521
227907064
295633684
19509640
223913604
270104677
259405879
123498754
315412231
227740037
98886430
56302930
49997951
106737795
273444163
198411429
113082806
236772971
279767978
135104366
174478022
76235124
188200909
248867671
297643921
240465353
161879698
279134244
48107607
312545391
31061149
182244275
284281229
57776632
92011312
164517534
47069285
258918961
318026822
209819340
284618009
228534577
217527839
252036257
196474473
21222967
176559394
148429854
158538426
264964913
316403424
171365366
313340860
234941941
224445313
253213677
269590130
47445712
134042548
133249077
239245913
230618851
19214708
3249197
211216136
267691275
159244275
24264259
234643180
146918024
2830874
160914531
168891009
215514453
21719239
122337324
251798384
280929682
170606805
44364931
272749857
156325337
66225983
44643472
4867602
125954773
105903218
228057228
175069698
112831946
8450545
68479944
34222946
107161455
27168739
102290417
75161773
133118941
80620194
191057486
39355317
189110550
114273590
163211053
214891523
44219936
13086511
107891502
172207397
67188425
54577368
320212276
239746043
223288558
207008761
78549778
16961052
285561426
61246364
312755102
324024065
306660614
316850609
57113712
295851788
204899770
252106204
29040193
127395463
202898282
6913059
216672724
161314263
163280069
58646673
19184312
64626568
314565946
298387833
97146169
214517157
52297132
48233366
153266378
45574630
265571246
82701828
142614954
53177198
235274576
141594801
73629691
63330057
319732793
50919769
139171425
43561753
277035490
166514528
71928405
159812659
74100983
197345159
266847622
281231539
26126203
43504064
195212372
244668116
267270032
76167233
144259419
209747640
154986193
218866195
283691615
23237420
62664191
49288809
133612643
238741694
240634721
65130659
111557721
113614712
128187623
222990429
291878915
321258088
294620099
297798931
74639834
6440522
78023728
314815918
322113592
63330508
316191279
285685112
306821271
129542923
131647670
102085880
261701119
175102549
288467587
309049433
249879418
184855784
59698540
138483100
10837075
308700996
14593704
280058099
90240611
91836581
278884872
89598408
203352003
68285404
317343149
259088398
238396694
106315760
122118284
23920739
232855996
307651708
91685527
178133871
282711487
324023282
265720063
301539946
245064186
207923178
230264402
149333375
321151791
229442405
93000280
135671015
200377853
173189711
191887710
58694140
238522660
175819968
12040570
161030897
18502836
27779983
103013407
182357827
84961710
215294066
468945
118542198
125082633
21383047
244140068
65588432
63296830
11541860
272980532
198861507
221050260
293307539
124442511
39096070
36791107
26971510
267359070
76414193
240472055
119984966
40365680
154337429
43626791
951670
271717177
88343493
181612492
297601093
238521764
19750868
27657995
201783965
104643907
211684514
256990188
162133427
299647653
201886029
265847282
140810938
309052064
172206789
148865835
200132437
227590319
169259116
63346572
315057690
61300099
132068626
320830546
122291189
180182059
215595701
303231987
226394625
52673251
244074034
196868219
104603328
249441192
182431360
267630511
121340014
189597400
113794139
268285460
70326613
48455952
225863469
322999289
296243974
175741780
230965421
229863070
62488005
275378410
23874132
49980408
112885548
147235576
54614439
194402514
170013902
51881453
246419290
73123157
140037850
167072618
265293039
104053397
29441560
323358234
286809009
191153921
111466139
224710029
318732514
233869140
253381919
188799378
167766759
298966457
266415667
219576358
71441814
278748125
215927470
3779907
258578348
136858964
152244191
200371095
164431949
36896158
144076170
79664199
184118028
171119785
194153199
19461284
286237635
40139567
144895863
272834784
292469304
139785235
219731569
259979991
269196138
241192600
48561121
180129833
313994480
235233318
202294026
233764906
61724051
253676863
87612502
267399125
150546591
285941514
69374302
97667987
303956170
234463265
267964805
224285717
198883232
292709036
205373326
231466737
263145656
181724016
292130392
76415110
171145432
309321788
292776405
105557448
224291527
177602938
174070713
90692957
29165400
227634039
262172975
43343083
100689681
292669254
39219774
83528400
166795244
230367427
106703495
291745668
301841511
300385176
207765681
149540301
132308781
284732954
119528165
234222935
92071333
243569658
161926513
257967862
145546408
99282962
242908713
124392874
31717582
249791202
188449975
45573066
149811295
92125028
252204679
235599626
56224446
122542982
235154304
89305714
292043358
7814653
108412232
298669025
222619465
153478487
85136523
107302770
206348894
223929480
279205919
190869737
221976752
72429939
21252509
211595613
158207523
324464570
162351614
189645137
107825231
253895065
78550963
135758206
205860739
251448882
120665002
286749886
10165309
68472706
40293915
160200746
255080714
232137801
303828864
3923831
86388216
235131604
110707548
104702252
275064622
96424346
281844737
253662035
269948951
271545496
172935429
8767372
199343367
277973994
134394595
114121383
85217268
265381524
202091123
218638854
121080127
271490026
139295568
191078169
124404193
247118268
145988529
185407235
38531123
97976370
310152712
221685817
253440968
35004113
290381832
297391650
122252002
13998152
106337201
94531327
177923036
124726655
207744632
213615790
256106553
150354475
119190229
311343917
187579600
2436940
232843083
220510840
202441073
136752189
28705575
202982080
117551816
66421
269342180
265465473
283973052
293632490
220951118
117922367
177314186
324602643
13414951
93058882
225581744
316443829
288559610
103307731
116162987
39662088
207285275
204708036
206059847
199192252
248245334
210632922
207575613
231721200
207554852
108217639
211444315
287943339
127508700
311302397
157528901
250432800
173911276
252942878
10608890
84091524
177535968
105594472
312968381
85151957
52727547
35760261
307958741
280538905
86730746
120578364
214231653
165286231
55180646
107056529
55691321
179155497
237075417
217095192
202689014
66066265
120562975
1181591
300003741
42487681
39253238
197910298
60868441
10038903
170695500
140528288
238282614
200589043
321429470
319605672
97655234
116247637
21586470
273098384
191109622
108780556
306398961
251749162
65612719
171519973
133827112
125748113
67395311
306025982
168883044
279485060
207607940
62316100
194579869
301821608
317259977
135940939
67213434
71420045
151870982
70150623
132376236
134525602
214079445
221599281
145083179
149454810
163076383
220936573
235699871
235156183
290190023
132079076
253615852
77799575
233698194
259902453
142355183
226577991
152114535
289318760
7751545
118527251
286914127
17528880
21813494
168329885
127637571
52961966
156395331
181687663
309566937
35111295
20487934
249744943
116782378
25738159
13269699
86106113
296716505
143923724
318304526
211778834
311054274
154750002
98087101
14872848
237340905
142451602
169873327
3518115
7004637
82961919
118998115
139132715
30385971
210835810
144865869
19717603
130961446
247334221
197701920
254674232
68324454
265884288
30026024
153263725
55794980
261464471
60634802
262814511
191837045
299292101
215576106
154585923
177153769
263432293
159349700
54852112
375146
14491816
194310374
246840472
203645978
305664318
247445226
91212541
48782001
184152966
292869338
196417076
142488060
180291289
128431770
179424383
308564155
291894515
282650471
62291097
142497966
221478748
106983685
6202436
38564926
207066505
287940698
110771867
232212
294111204
60403693
267889632
268237633
245698035
192568671
116949753
236576280
7896611
110113135
84976478
101147190
298409932
42379553
57296093
64080841
292128168
312908228
78586334
180992616
72065265
246473222
132809851
117065745
273341011
164093721
114473971
146596850
182319433
54190943
255447622
143967231
116871999
215392656
46248535
230902365
61220941
292905562
317321290
305763587
70699829
40078026
41760129
120126114
214847025
115860127
287105281
217535545
27023694
261225183
179021882
236065528
43096086
322115389
177409050
49527979
66351352
193216505
69997075
304163753
14379868
222302976
219448397
301269407
218582394
261519939
39977820
34908150
323408311
62519422
631627
125894361
83566267
19660299
259784623
134483508
225246186
194513270
237851752
22790110
97305072
265746082
179156262
253964415
294917953
300114354
41260292
216324095
112650947
106873181
168154898
204701025
15052009
215986633
286817064
277532649
278529381
95037916
166486039
229860716
253801323
149258320
235415439
68005348
132296695
212956762
82817712
232027868
311165480
145402268
231488671
199063152
322226181
187731366
319450674
100325654
267418138
38290128
141224788
211448241
209880494
193982007
71881025
187145455
17237325
55645972
143587683
177280875
287568986
82741439
251803987
97841914
322329179
130282171
141548946
229700284
131534921
29615299
196383528
204137612
197806279
223961554
90561945
122995087
89603352
165915769
187832316
274216777
282755386
33752950
256979670
105229812
310686556
253387819
292850998
33751336
158637624
197479047
266640139
146812361
86591473
154208200
136098674
261228573
143218333
17310297
95837479
311434779
2263171
126994773
122443125
33348632
272094897
305839658
245371539
243270250
197696536
274632307
22941109
64509319
238019063
142804140
223625692
165203500
200301541
240736752
286467231
236535143
262009026
190300754
51263241
31403418
78032143
298162666
248058052
225941244
259673960
36413987
95927157
148858799
244988259
56823201
190191442
184182187
114160287
190374764
305605229
55789262
237829480
209253127
220094534
86972806
245304446
103915569
306996244
261280812
149456769
34780621
308835075
119293988
95067790
201527474
90720167
104984377
229555709
20723232
307337100
259328867
48300520
117036605
201942472
319309322
248596863
321181208
250590467
293290691
267006581
263364254
112883891
262164213
238114003
13965883
298672876
295859941
163050975
96232021
155318498
10127559
72463315
315125218
258514345
30190115
251914289
221696338
245566824
240070576
209019010
56356039
64719709
76703339
240895310
231944481
183334827
243565474
217051872
76901004
78245702
240228043
121909922
300159306
251765394
26768613
208039265
251500036
150669911
161820522
120543744
320979327
217291315
205012186
216672785
13971091
679575
150061504
107782287
290372995
231864922
224668069
180580508
89106545
218822907
39244476
221016876
244583021
218973556
142952711
265769009
167368462
278767795
13420594
2686023
109539800
303880467
95274270
79269070
213331176
287589830
50427360
20411930
306941989
270543262
152438496
231090147
120748909
275411675
144092593
99070406
273818693
252629612
156906445
109486725
297826540
44703824
25240234
305132305
260284983
73232585
223362156
240588245
172799913
31707138
75103509
16065533
281261219
173624996
264758813
28476957
122497176
109869670
32272936
110497739
13942668
261661044
81770447
137786414
260937730
178622809
288158796
217813960
124363321
256860185
213227316
101693357
103367872
45979632
243869494
103785046
56067507
37981023
220299266
294278982
56038323
176769852
223895647
311340955
62418516
314575686
109904225
167438202
273907798
24646968
127727184
316351303
11290499
221447713
242336065
111593329
316297031
305522938
254108661
287298459
310554195
319361296
235971018
19388615
262724143
261574802
11694727
132532088
248185839
189729199
187012243
192595943
261829875
57738945
236215262
322721107
263394543
63791671
300888260
136278676
42351477
289696723
119427711
122768373
129337214
56537232
197777203
246493628
203396686
48147015
212997685
257116114
244498218
164177304
178177309
48323995
178446688
24196656
166573138
167488207
154199328
47995310
131267624
261660448
163765394
70059974
6207399
103402362
52559349
236677943
214286927
159871285
220011361
195233559
227473317
282288039
145148997
128529553
152619229
104033348
195373016
25646505
217044734
259500805
84134690
307965085
285485717
232320124
268808261
256309638
319799883
138392204
55003271
21150222
319844459
61754395
212737904
88802022
150012454
113374941
135131007
75030333
11728406
98577474
83762988
157955759
226262046
81567133
35042929
188015567
43522849
35412956
158651571
257393919
21759285
304280086
156487690
72507973
256436865
182545646
212903612
28945070
14355229
311382129
216940470
231255263
213920480
150770961
83909407
131013663
68175685
260816029
19858464
189987713
222074378
276419549
221528662
287479892
219012978
112710091
45270464
65361565
142799194
162653595
234289654
241251378
84639243
838514
81123630
202606390
69242365
314500358
252243274
193302748
246124275
259507530
110832642
104472073
142704367
174554231
221113798
117102767
161882962
60385175
282282107
141919893
191509139
254678410
234695418
203467255
220713776
55473165
104272017
202763831
66731060
224937452
21698573
253798526
135898198
126059843
50300287
101586865
275249816
232284775
122181264
49434546
233572461
208314103
214768685
764581
225428906
112822547
106551749
200320452
176077466
278335899
234448316
72587998
146516948
141613029
287816816
29863902
194559601
16181263
11488078
29547092
187788604
56129904
282139033
27254039
214338671
191887511
292508237
18799111
122292076
197376937
31782516
186825101
162843195
214853689
124456803
296528739
58157849
164210285
248413924
216691950
231567726
36963692
214219831
166423081
224634245
267592229
306151625
159431789
99882215
269547793
102214321
272319000
63707956
27719838
75952906
243023259
64032253
115902176
91610182
28404131
206502673
217412203
310421502
173273665
235660819
11725564
304300202
265394442
143502252
57092416
110642402
163384845
267371630
121273803
243024221
274036346
302932846
224508122
104257829
236019658
13172620
296177277
70394481
202710854
157818018
50389938
171135980
229836136
34332748
47806426
121298841
319820265
44020246
116521061
38329126
241331523
291503719
26624504
215087185
227216363
217642808
200180779
305334093
256196875
88454850
212931903
299534271
113022861
118085199
7642292
78369241
209537139
201680370
297119929
212129556
294132528
40916571
131510247
207073424
67226739
47786565
300507510
123266351
309663611
65800899
216111315
229871786
56697858
75302732
207966159
150247735
269193003
141445587
12507930
177141617
42211133
89474471
100597909
173732544
226860189
29216356
143622100
233229043
110582620
124854165
298465740
211362129
36266090
284241890
308595854
94866472
169030384
191400065
209503201
160795425
7399039
283730527
117736955
260669836
230454124
218174206
82796260
252703084
173060832
196812640
201075605
311379344
216231209
61712042
168316410
249611658
101212978
237903921
125399355
69792890
8698006
248712315
219124838
69064334
263634873
256213893
8797469
124801633
223943899
235023683
176723955
70426900
116783463
167416514
49442208
219870510
281135825
39935947
56984363
202992289
96698735
91033225
108162194
1239119
206104946
292827115
261941937
321654860
133678932
186611906
61451012
291231765
21330269
137543528
192895572
194664852
209948284
266216535
19520006
177622431
147995025
17361155
271058360
216256431
283207010
110656684
50191626
217336605
64280627
291774635
171690690
172050422
209884142
152092991
186820562
217698515
257130923
195921291
100239438
251034800
208915721
82868250
31077434
319749945
106793813
221806759
176995003
44959637
192206542
158891430
111016213
20750075
5913255
67513671
90484024
62708859
314108880
35240385
292431244
189892316
59588573
191516901
1992717
106690521
202634366
174250535
219010659
37764348
305630162
180894733
49217361
205367289
111208733
291416797
111843450
140593272
51171710
7517576
120745842
50372146
323579604
100867062
199954962
138539532
272209776
142482538
38628053
7191672
214670146
200442596
206052461
165393005
233834276
196083653
150380883
75639380
35102966
182062003
87200950
46075255
199708404
116890571
120473891
16938447
1484473
269085099
117224640
305615906
7549073
75832353
200584921
191678435
23013264
156028857
249237221
16968060
22356940
52916333
65916275
165653340
124778753
57708274
4421498
205867536
72621814
322560484
16738790
287442884
256570723
188632490
228993127
314959117
14075513
49598339
260442944
259563809
303399223
137174701
144094905
48365065
233274329
285872332
114505562
25431932
21806556
129094268
131220767
196520786
43866856
49083777
105729599
114226782
12602766
31553046
186967341
138557635
17991360
253542357
260076713
119709969
272247146
8230703
74057253
321397008
191289526
229865358
146368991
154856146
297476576
261252663
293017827
45425273
28199946
28231599
5255791
107747012
198582730
124256048
41546407
251187088
62806233
254832566
241184936
231916687
250031635
11125824
157169719
137434966
76687403
122661218
299918247
35267447
226372724
182853544
29376377
183835174
252080088
74952294
216300425
238547476
182120406
105858293
70126816
164064550
152357036
274922373
42360092
62753675
188917111
170989219
166251879
145865210
203263405
302956679
58857044
206706833
233440574
278709536
133740718
158497977
312859306
169808257
255393450
66825575
76754593
9357232
254386688
263952142
251776460
47845850
280823711
151552555
141349413
265494817
139474312
161077256
281383496
37781253
23347979
293198457
105905946
120547479
261455071
233529442
166927037
47862616
16666645
132482548
243594215
234235999
21507234
13887696
88601570
52421437
196815998
220677799
110699669
305632704
245042806
145376137
150017915
39504736
104785531
180674612
102324942
201070183
219792546
98567847
10370252
288058306
315935657
48311775
36320127
45400131
141896065
183406972
318510907
226637914
76920136
324821196
171583510
113785433
293979074
117993558
248058653
105727055
309194437
126378400
77149805
324587938
84813109
46421581
276001707
320289250
95282750
318679632
140330767
123679925
287632738
30246061
206070062
295802402
323895446
174369191
129518613
129078648
59968244
176968905
311191206
5395171
294581966
155119807
251697367
115052957
315472205
153173548
56432115
114769977
17427319
102948830
317084042
128216192
324155929
79982903
15295418
293700455
31063378
193950688
45588631
108958975
299367447
128051614
254533088
225656182
252859925
224152339
307952078
297967805
200134567
237832781
271391533
30071738
28877185
175711816
7607917
160170021
309811985
140742809
150002059
148463437
22667812
242051424
899385
284740731
57554773
240918817
58956493
55989092
113877538
163291093
15753157
178351072
102898082
85214330
319734681
119351948
172497786
168180109
68099889
219038354
91588289
16984476
224995951
194118241
292353976
68680096
215865443
67384289
125418512
78533594
63038957
286710141
146159098
157175441
91348434
221696196
53383423
281077426
314963486
124507033
176585920
309367510
304286760
82080312
320302181
185807002
131944133
230092030
99600620
39550259
113054913
47636486
2144526
291488186
152909826
39617073
113777866
187805068
215317504
177095107
219204058
149831745
14864889
272108664
33110220
269980575
156664998
49129770
175609875
119750822
199108854
269588702
218104235
26068313
90371387
99201195
239559144
47508597
183782283
150845611
33577304
274950845
179061088
30818144
160369912
220762496
8487264
156230078
275775594
240556613
124778208
78916529
221602439
19929851
241361502
62688761
29757251
81694147
23218175
193022065
165787352
71157716
248168259
120032132
204036829
255929758
137225808
292239971
313709221
168634489
9471464
98426828
187582953
21928850
169083113
94514075
125673519
198833946
1105925
313473468
155715694
183070881
112870247
39408204
33641609
276316976
315950099
161746014
159854408
140458814
283483888
266482357
123892825
68292082
31459101
5450235
259964037
244980895
110119341
235671623
162641819
124479771
284719731
186986826
62286731
11527384
141702899
246945483
199008025
286887865
244204697
165662019
54094732
241484339
186069918
89354409
263542916
170846635
168547127
93997031
223265510
217386142
36484498
307016167
115650470
66715386
37812419
78266650
119000807
117533593
53762839
216818291
39550926
225091439
316439227
210853508
232201976
293379825
130121280
194981722
315630293
58048317
198076221
291087654
6374146
255467201
26584736
229972552
170591769
285769988
255233475
149968067
302812201
213651966
64697699
147181870
68169107
101559788
261704096
324886237
88127941
47001921
210456270
242125874
182014450
8829208
43828707
152096580
238915493
140244948
74142792
11820395
251468593
71666958
152185603
248219360
316625438
120828035
318227711
261836487
228097606
306359293
17617858
134516807
270791312
79528483
60736861
96368354
277346505
307324437
250512393
288635463
139813052
106036089
288635403
258605840
126982449
268197403
123055160
323315287
112532124
22115437
210099289
250620525
72686622
283252134
76763122
324370318
